29.237155 40.687455
29.263328 40.690624
29.306265 40.696634
29.350522 40.702749
29.380651 40.706253
29.388333 40.706787
29.395794 40.707240
29.402945 40.707631
29.409649 40.707975
>
29.550338 40.727392
29.554278 40.725590
29.558226 40.723788
29.562166 40.721985
29.566113 40.720176
29.567971 40.720031
29.569820 40.719886
29.571669 40.719747
29.573517 40.719596
29.577931 40.719197
29.582319 40.718811
29.586732 40.718411
29.591128 40.718006
29.593618 40.717809
29.596108 40.717619
29.598590 40.717417
29.601072 40.717214
29.606359 40.717725
29.611639 40.718236
29.616935 40.718740
29.622231 40.719244
29.627971 40.719838
29.633703 40.720432
29.639443 40.721019
29.645192 40.721612
29.647771 40.720843
29.650359 40.720060
29.652955 40.719290
29.655535 40.718527
29.658690 40.718221
29.661845 40.717920
29.664992 40.717614
29.668147 40.717314
>
27.356397 40.753990
27.348651 40.752519
27.344535 40.751733
27.342901 40.751423
27.342610 40.751370
>
27.333097 40.749599
27.324254 40.747340
27.313676 40.744567
27.301420 40.741304
27.287531 40.737552
>
28.026089 40.854227
28.028204 40.853620
28.030302 40.852963
28.032078 40.852343
28.033223 40.851840
28.034191 40.851368
28.035411 40.850828
28.036585 40.850287
28.037416 40.849814
28.038046 40.849335
28.038773 40.848811
28.039499 40.848319
28.040125 40.847948
>
27.665774 40.816536
27.674958 40.820686
27.681432 40.824110
27.685892 40.827094
27.688942 40.829922
27.691949 40.833536
27.695421 40.838035
27.698698 40.842469
27.701166 40.845863
27.703357 40.848373
27.706314 40.850768
27.710007 40.853098
27.714462 40.855408
27.719059 40.858037
27.724123 40.861518
27.729054 40.865259
27.733188 40.868613
>
29.158378 40.762094
29.163275 40.761595
29.169052 40.760665
29.175059 40.758572
29.180639 40.754546
29.185246 40.750006
29.188819 40.746773
29.191328 40.744720
29.192794 40.743695
>
28.910487 40.743103
28.912141 40.743414
28.913648 40.743624
28.914992 40.743714
28.916163 40.743671
28.917451 40.743539
28.918885 40.743407
28.920053 40.743301
28.920528 40.743261
28.924065 40.743336
28.927758 40.742935
28.931144 40.742204
28.933720 40.741300
28.935491 40.740398
28.936591 40.739746
28.937401 40.739254
28.938266 40.738845
28.939769 40.738541
28.941837 40.738317
28.943899 40.738048
28.945339 40.737598
28.946203 40.737061
28.947021 40.736557
28.947606 40.736186
28.947834 40.736033
>
29.126783 40.692430
29.128583 40.692356
29.130412 40.692276
29.132228 40.692183
29.134044 40.692077
>
29.137951 40.691800
29.140311 40.691577
29.142405 40.691324
29.144153 40.691034
29.145496 40.690715
>
29.224740 40.686358
29.217218 40.687100
29.209576 40.688368
29.201919 40.689700
29.194378 40.690662
29.193007 40.690746
29.191541 40.690788
29.189999 40.690778
29.188406 40.690731
>
29.185082 40.690543
29.182250 40.690294
29.179396 40.690014
29.176584 40.689714
29.173859 40.689408
>
29.171477 40.689130
29.171059 40.689089
29.170655 40.689047
29.170254 40.689005
29.169854 40.688956
29.164338 40.688762
29.158919 40.689099
29.154245 40.689673
29.150909 40.690252
>
27.939598 40.826684
27.938413 40.826049
27.937237 40.825409
27.936053 40.824781
27.934872 40.824146
>
27.682734 40.846704
27.686758 40.846334
27.690403 40.846190
27.693523 40.845991
27.695982 40.845470
27.697606 40.844866
27.698442 40.844555
27.698744 40.844443
27.698786 40.844431
>
27.688117 40.834300
27.684594 40.833735
27.681679 40.833085
27.678880 40.832429
27.675706 40.831802
>
27.669446 40.831025
27.667673 40.830847
27.665967 40.830694
27.664339 40.830561
27.662762 40.830447
>
27.657883 40.830156
27.655696 40.830037
27.653588 40.829958
27.651534 40.829878
27.649521 40.829799
>
27.641169 40.829353
27.635547 40.829067
27.629945 40.828826
27.624899 40.828551
27.620969 40.828208
>
27.557204 40.875851
27.561293 40.879142
27.564920 40.882041
27.568200 40.884404
27.571345 40.886037
27.572097 40.886367
27.572814 40.886747
27.573515 40.887178
27.574214 40.887635
>
27.580342 40.890872
27.583397 40.892123
27.586753 40.893090
27.590196 40.893836
27.593536 40.894428
27.594333 40.894568
27.595105 40.894708
27.595893 40.894835
27.596681 40.894981
>
27.607446 40.897183
27.612668 40.898387
27.617035 40.899508
27.621025 40.900625
27.625157 40.901845
>
29.442379 40.714371
29.443414 40.715225
29.445179 40.715863
29.448454 40.716577
29.454041 40.717645
29.460384 40.718852
29.465219 40.719761
29.468288 40.720343
29.469375 40.720536
>
29.222839 40.725893
29.238287 40.721132
29.254032 40.716595
29.267452 40.713037
29.275846 40.711175
29.280362 40.710547
29.283796 40.710129
29.285974 40.709904
29.286711 40.709835
>
29.130349 40.775559
29.134602 40.773516
29.139577 40.771114
29.144027 40.768836
29.146622 40.767177
29.148101 40.765747
29.149721 40.764164
29.151055 40.762887
29.151592 40.762363
>
29.028777 40.807971
29.030669 40.806008
29.032398 40.803569
29.033678 40.801488
29.034164 40.800610
>
29.082771 40.796864
29.085817 40.794944
29.088134 40.793117
29.089730 40.791478
29.090669 40.790115
29.091563 40.788479
29.092841 40.786360
29.094275 40.784359
29.095640 40.783083
29.096854 40.782118
29.097924 40.780957
29.098687 40.779970
29.098962 40.779550
>
29.049550 40.795134
29.052665 40.792840
29.054944 40.791401
29.056777 40.790452
29.058511 40.789695
29.060157 40.788937
29.061537 40.788251
29.062754 40.787598
29.063946 40.786964
29.065235 40.786380
29.066462 40.785916
29.067394 40.785601
29.067756 40.785497
>
29.085175 40.780627
29.081865 40.782428
29.078484 40.783810
29.075652 40.784910
29.074025 40.785877
29.072549 40.786963
29.070368 40.788136
29.068377 40.789053
29.067512 40.789432
>
29.125056 40.758623
29.121536 40.761289
29.118130 40.763250
29.115262 40.764776
29.113410 40.766157
29.111850 40.767562
29.109778 40.768950
29.107587 40.770308
29.105555 40.771601
29.102491 40.773242
29.097988 40.775354
29.093521 40.777409
29.090614 40.778942
29.088799 40.780385
29.086792 40.782198
29.084942 40.783896
29.083579 40.784995
>
28.715595 40.670104
28.718703 40.668734
28.721493 40.667225
28.723908 40.665704
28.725790 40.664342
28.727618 40.662879
28.729545 40.661270
28.731077 40.659953
28.731692 40.659413
>
29.511711 40.754268
29.504815 40.756363
29.498562 40.758038
29.493081 40.759719
29.488508 40.761785
29.483343 40.763976
29.475509 40.765189
29.464215 40.764522
29.448716 40.761099
29.434234 40.756896
29.424905 40.754064
29.419888 40.752463
29.418408 40.751961
>
29.006365 40.811174
29.009281 40.809403
29.012961 40.807926
29.016633 40.806729
29.019556 40.805738
29.023617 40.804068
29.029750 40.801469
29.035752 40.798882
29.039483 40.797221
>
29.187120 40.739798
29.194982 40.737927
29.206060 40.735641
29.217485 40.733612
29.226381 40.732525
>
29.177923 40.741721
29.162204 40.745827
29.146196 40.750486
29.133200 40.754452
29.126437 40.756534
>
29.041634 40.797914
29.043419 40.796224
29.045370 40.794469
29.047218 40.792855
29.048651 40.791566
29.049529 40.790749
29.049984 40.790328
29.050154 40.790169
29.050179 40.790149
>
28.995934 40.814959
28.999662 40.813191
29.001576 40.812275
29.002279 40.811948
29.002374 40.811897
>
28.978185 40.828376
28.981588 40.827143
28.985624 40.825247
28.989314 40.823263
28.991678 40.821762
28.993401 40.820472
28.995423 40.818997
28.997097 40.817797
28.997799 40.817292
28.998476 40.816877
29.000059 40.815911
29.001800 40.814806
29.003009 40.814000
29.003677 40.813439
29.004266 40.812916
29.004680 40.812514
29.004837 40.812349
>
29.241437 40.731580
29.237634 40.731961
29.234972 40.732201
29.233410 40.732345
29.232893 40.732386
>
29.246814 40.730984
29.253572 40.730468
29.261725 40.730043
29.271140 40.729609
29.281755 40.729070
29.293502 40.728725
29.305777 40.728844
29.317722 40.729244
29.328438 40.729746
29.335755 40.729969
29.343555 40.730023
29.351233 40.730052
29.358203 40.730182
29.359025 40.730175
29.359871 40.730168
29.360701 40.730162
29.361535 40.730155
29.369227 40.730018
29.376511 40.729890
29.382694 40.729738
29.387062 40.729557
29.392915 40.729147
29.402189 40.728525
29.411485 40.727921
29.417423 40.727636
29.434075 40.727393
29.448590 40.727286
29.460763 40.727294
29.470389 40.727354
29.470873 40.727363
29.471365 40.727364
29.471824 40.727373
29.472283 40.727375
>
28.971430 40.830976
28.970389 40.833068
28.968779 40.835111
28.967167 40.836876
28.966107 40.838105
28.965330 40.839314
28.964398 40.840898
28.963616 40.842481
28.963278 40.843676
28.963107 40.844793
28.962607 40.846210
28.961879 40.847704
28.960970 40.849047
28.959928 40.850092
28.958915 40.850845
28.958145 40.851299
28.957853 40.851446
>
28.671765 40.875534
28.688563 40.876896
28.708204 40.878003
28.726051 40.878786
28.737519 40.879174
28.744124 40.879356
28.750553 40.879532
28.756983 40.879561
28.763578 40.879349
28.767594 40.879130
28.771618 40.878904
28.775630 40.878684
28.779659 40.878458
28.785133 40.878032
28.794857 40.877574
28.805030 40.877223
28.811885 40.877165
28.815371 40.877244
28.818498 40.877222
28.821590 40.877124
28.824962 40.876930
28.828887 40.876830
28.833309 40.876848
28.837623 40.876841
28.841233 40.876652
28.845319 40.876176
28.850198 40.875590
28.855369 40.874951
28.860306 40.874364
28.862378 40.874154
28.864437 40.874007
28.866514 40.873905
28.868616 40.873822
28.869473 40.873851
28.871505 40.873876
28.873937 40.873772
28.875937 40.873454
28.877313 40.872974
28.878776 40.872347
28.880260 40.871542
28.881716 40.870547
28.883978 40.869289
28.887059 40.867971
28.889777 40.866914
28.890957 40.866485
28.897920 40.863953
28.903249 40.862734
28.907228 40.862218
28.910189 40.861827
28.912822 40.861214
28.915441 40.860481
28.917843 40.859653
28.919780 40.858776
28.920096 40.858591
28.920462 40.858355
28.920862 40.858099
28.921286 40.857806
28.922234 40.857053
28.923194 40.856294
28.924158 40.855536
28.925102 40.854777
28.928566 40.852409
28.933714 40.848791
28.939090 40.845007
28.943222 40.842109
28.947146 40.839879
28.952037 40.837504
28.956650 40.835283
28.959740 40.833443
28.969344 40.826886
28.979088 40.821894
28.987413 40.818335
28.992753 40.816090
>
28.997566 40.843854
29.000481 40.842096
29.002735 40.840334
29.004771 40.838440
29.007068 40.836310
29.009303 40.834174
29.012024 40.831363
29.014668 40.828318
29.016679 40.825504
29.018434 40.823097
29.020479 40.820841
29.022531 40.818522
29.024276 40.815943
29.025493 40.813621
29.026219 40.812108
29.026571 40.811275
29.026669 40.811027
>
27.726437 40.816806
27.728382 40.816858
27.730287 40.816859
27.731975 40.816788
27.733301 40.816607
27.734528 40.816305
27.735844 40.815959
27.736979 40.815643
27.737621 40.815400
27.738678 40.814982
27.740624 40.814330
27.742489 40.813721
27.743324 40.813447
>
27.776733 40.848802
27.776230 40.847872
27.775113 40.845777
27.773940 40.843561
27.773282 40.842250
27.773062 40.841436
27.772846 40.840229
27.772631 40.838965
27.772442 40.837993
27.771879 40.836491
27.771058 40.834836
27.770313 40.833499
27.769994 40.832938
27.769912 40.832836
27.769652 40.832530
27.769248 40.832083
27.768720 40.831483
>
27.765338 40.828205
27.764135 40.827093
27.763016 40.825987
27.761876 40.824933
27.760609 40.823960
27.759382 40.823190
27.757984 40.822349
27.756650 40.821509
27.755560 40.820746
27.754505 40.819908
27.753339 40.818929
27.752397 40.818117
27.752016 40.817784
27.751872 40.817631
27.751217 40.817188
27.749706 40.816461
27.746958 40.815465
>
28.474776 40.873414
28.478742 40.874272
28.481977 40.875008
28.484447 40.875586
28.486135 40.876011
28.491477 40.877275
28.499001 40.878931
28.505714 40.880371
28.508628 40.880993
28.509614 40.881126
28.511892 40.881380
28.514476 40.881545
28.516344 40.881386
28.517494 40.880992
28.518693 40.880535
28.519993 40.880065
28.521427 40.879627
28.522982 40.879386
28.524708 40.879347
28.526790 40.879309
28.529406 40.879080
28.531826 40.878540
28.533598 40.877771
28.535349 40.876812
28.537681 40.875663
28.539892 40.875599
28.542099 40.875541
28.544302 40.875483
28.546517 40.875425
>
28.469831 40.872518
28.464365 40.871578
28.459024 40.870725
28.453951 40.869975
28.449262 40.869332
28.444385 40.868644
28.437758 40.867708
28.430387 40.866739
28.423212 40.865934
>
28.712398 40.892005
28.718889 40.892494
28.725574 40.892645
28.731524 40.892715
28.735785 40.892928
28.738575 40.893271
28.740759 40.893501
28.742460 40.893497
28.743801 40.893158
28.746489 40.891978
28.751398 40.889955
28.757271 40.887765
28.762804 40.886127
28.764105 40.885534
28.765420 40.884954
28.766730 40.884373
28.768040 40.883786
28.771068 40.882998
28.774161 40.881931
28.776786 40.880953
28.778376 40.880416
28.778681 40.880396
28.779583 40.880286
28.781083 40.879997
28.783183 40.879439
28.785333 40.878780
28.786948 40.878325
28.787958 40.878050
28.788301 40.877954
>
28.916649 40.860501
28.913602 40.863616
28.910790 40.866196
28.908099 40.868205
28.905383 40.869599
28.902783 40.870839
28.900598 40.872262
28.898885 40.873639
28.897675 40.874741
28.895819 40.875935
28.892931 40.877424
28.890293 40.878702
28.889130 40.879233
>
28.633480 40.872682
28.639908 40.874355
28.644977 40.875998
28.648592 40.877377
28.650680 40.878313
28.652045 40.879111
28.653619 40.880086
28.655523 40.881098
28.657846 40.882009
28.661033 40.882804
28.664797 40.883490
28.668247 40.883986
28.670446 40.884160
28.672591 40.884131
28.675722 40.884101
28.678795 40.884146
28.680773 40.884365
28.682542 40.884749
28.685256 40.885195
28.688230 40.885603
28.690798 40.885871
28.693010 40.886077
28.695327 40.886428
28.697737 40.886988
28.700256 40.887815
28.702679 40.888730
28.704676 40.889488
28.706187 40.890006
28.707149 40.890194
>
28.662262 40.874673
28.659682 40.874385
28.653010 40.873703
28.643787 40.872910
28.633546 40.872295
28.618252 40.871754
28.598365 40.871120
28.578611 40.870438
28.563723 40.869737
28.555230 40.869241
28.544631 40.868668
28.535361 40.868164
28.530818 40.867886
>
28.527888 40.867576
28.526985 40.867519
28.526120 40.867481
28.525314 40.867475
28.524553 40.867494
28.520675 40.868333
28.516153 40.870085
28.511820 40.872084
28.508543 40.873620
28.505960 40.874071
28.502152 40.874248
28.498687 40.874267
28.497174 40.874248
>
28.664958 40.874866
28.665874 40.874947
28.666794 40.875041
28.667713 40.875135
28.668633 40.875228
>
28.050037 40.893200
28.047035 40.893683
28.044135 40.894077
28.041378 40.894338
28.038847 40.894480
28.037572 40.894500
28.036100 40.894506
28.034478 40.894512
28.032717 40.894511
>
28.028449 40.894479
28.027487 40.894469
28.026526 40.894452
28.025585 40.894435
28.024661 40.894419
28.021488 40.894379
28.019347 40.894402
28.018122 40.894441
28.017733 40.894464
>
28.416831 40.865390
28.413768 40.865077
28.411056 40.864789
28.408612 40.864527
28.406393 40.864271
28.403122 40.863920
28.395446 40.863100
28.386626 40.862127
28.379925 40.861333
28.374038 40.860628
28.366326 40.859731
28.357866 40.858724
28.349766 40.857711
28.340250 40.856549
28.330960 40.855526
28.322580 40.854618
28.315809 40.853832
28.309314 40.853009
28.301951 40.852082
28.294738 40.851142
28.288649 40.850350
28.282619 40.849444
28.275362 40.848242
28.268284 40.847060
28.262748 40.846172
28.256752 40.845195
28.249747 40.843935
28.243923 40.842837
28.241486 40.842374
28.236640 40.841392
28.228062 40.839797
28.219092 40.838131
28.213094 40.836948
28.207068 40.835751
28.195675 40.833557
28.184637 40.831444
28.179684 40.830497
28.172090 40.829046
28.164025 40.827391
28.155973 40.825691
28.148418 40.824100
28.140159 40.822378
28.132601 40.820735
28.124472 40.818975
28.114509 40.816847
28.106316 40.814806
28.098132 40.812765
28.089902 40.810805
28.081608 40.809035
28.076404 40.808019
28.070691 40.806930
28.065224 40.805931
28.060762 40.805209
>
27.802829 40.864671
27.796515 40.863850
27.791943 40.863148
27.789140 40.862679
27.788197 40.862501
>
27.819613 40.892044
27.816602 40.892907
27.812842 40.893746
27.808630 40.894342
27.804292 40.894479
27.801463 40.894302
27.797838 40.893930
27.793588 40.893389
27.788884 40.892685
>
27.784602 40.891959
27.781569 40.891375
27.778545 40.890758
27.775542 40.890104
27.772612 40.889380
27.770915 40.888956
27.769110 40.888500
27.767196 40.888024
27.765220 40.887528
>
27.759814 40.886210
27.751839 40.884283
27.744244 40.882461
27.737753 40.880943
27.733126 40.879876
27.725673 40.878168
27.715745 40.875857
27.707093 40.873827
27.703383 40.872956
>
27.990229 40.844471
27.989345 40.844758
27.988663 40.844895
27.988036 40.844968
27.987346 40.845092
27.986613 40.845234
27.985982 40.845314
27.985409 40.845412
27.984864 40.845581
27.984324 40.845725
27.983868 40.845760
27.983551 40.845740
27.983418 40.845720
>
28.073004 40.812491
28.071755 40.812575
28.070594 40.812602
28.069474 40.812693
28.068383 40.812930
28.067429 40.813243
28.066742 40.813469
28.066332 40.813613
28.066202 40.813657
>
28.061328 40.815021
28.059916 40.816310
28.058512 40.817560
28.057256 40.818678
28.056331 40.819607
28.055574 40.820340
28.054814 40.820908
28.054188 40.821356
28.053764 40.821722
>
28.073394 40.843083
28.072578 40.843905
28.071876 40.844498
28.071238 40.844978
28.070629 40.845452
28.070153 40.845938
28.069837 40.846356
28.069579 40.846755
28.069322 40.847185
28.069006 40.847584
28.068669 40.847880
28.068346 40.848127
28.068065 40.848329
>
27.838843 40.805401
27.836682 40.806410
27.834871 40.807122
27.833403 40.807678
27.832366 40.808249
27.831429 40.808764
27.830440 40.809094
27.829649 40.809273
27.829319 40.809328
>
27.911961 40.825415
27.912996 40.825427
27.914065 40.825471
27.915129 40.825546
27.916160 40.825653
27.916964 40.825892
27.917616 40.826257
27.918239 40.826667
27.918925 40.827019
27.920119 40.827533
27.921178 40.828167
27.921948 40.828964
27.922226 40.829988
>
27.862753 40.829053
27.863410 40.829292
27.864089 40.829480
27.864768 40.829674
27.865426 40.829900
27.866057 40.830215
27.866630 40.830586
27.867131 40.831014
27.867565 40.831492
27.868043 40.832180
27.868478 40.832875
27.868965 40.833531
27.869598 40.834150
27.870884 40.835014
27.872288 40.835790
27.873676 40.836566
27.874949 40.837468
27.875504 40.837979
27.875970 40.838514
27.876357 40.839094
27.876715 40.839718
27.877072 40.840761
27.877212 40.841834
27.877289 40.842913
27.877462 40.843993
27.877845 40.844966
27.878429 40.845870
27.879190 40.846706
27.880097 40.847447
>
27.878692 40.857312
27.878730 40.856900
27.878817 40.856475
27.878943 40.856051
27.879135 40.855665
27.879743 40.854939
27.880469 40.854270
27.881223 40.853615
27.881878 40.852914
27.882337 40.852073
27.882496 40.851198
27.882388 40.850315
27.882134 40.849419
>
27.909331 40.825229
27.905087 40.823119
27.900500 40.821888
27.895650 40.821214
27.890609 40.820754
27.888268 40.820576
27.885914 40.820442
27.883580 40.820359
27.881221 40.820314
27.878795 40.820256
27.876383 40.820115
27.873993 40.819803
27.871680 40.819282
27.864388 40.817660
27.856036 40.816463
27.847497 40.815600
27.839665 40.814981
>
27.880000 40.883178
27.877647 40.883069
27.875303 40.882973
27.872954 40.882909
27.870601 40.882863
27.867579 40.882859
27.864576 40.882949
27.861589 40.883185
27.858605 40.883555
27.857106 40.883781
27.855590 40.884020
27.854082 40.884271
27.852558 40.884541
>
27.824548 40.890780
27.825710 40.890794
27.826764 40.890775
27.827760 40.890686
27.828765 40.890540
27.829703 40.890361
27.830655 40.890113
27.831611 40.889827
27.832488 40.889534
27.834929 40.888851
27.837388 40.888378
27.839868 40.887936
27.842349 40.887335
27.842596 40.887261
27.842844 40.887186
27.843091 40.887111
27.843339 40.887030
>
27.999104 40.896760
27.999572 40.896762
28.000070 40.896701
28.000577 40.896608
28.001025 40.896534
28.001519 40.896441
28.002022 40.896355
28.002524 40.896281
28.003018 40.896213
28.004051 40.896104
28.005085 40.896019
28.006139 40.895973
28.007193 40.895953
>
27.982007 40.897264
27.984648 40.897372
27.988612 40.897422
27.992819 40.897365
27.996203 40.897134
>
27.974801 40.896868
27.970679 40.896277
27.966301 40.895411
27.961928 40.894356
27.957908 40.893155
27.953854 40.891949
27.949778 40.890906
27.946482 40.890160
27.944829 40.889815
>
27.917599 40.883962
27.918475 40.884202
27.919364 40.884416
27.920244 40.884649
27.921115 40.884888
>
27.924792 40.885549
27.927478 40.886204
27.930165 40.886859
27.932856 40.887488
27.935547 40.888105
27.937082 40.888487
27.938600 40.888908
27.940118 40.889341
27.941623 40.889761
>
27.894524 40.876108
27.897116 40.876877
27.899590 40.877817
27.902001 40.878846
27.904415 40.879900
27.907189 40.880936
27.910074 40.881771
27.912981 40.882561
27.915836 40.883439
>
27.819283 40.866558
27.821913 40.866854
27.825569 40.867308
27.829222 40.867762
27.831860 40.868064
27.834799 40.868386
27.837733 40.868709
27.840668 40.869018
27.843608 40.869296
>
27.846034 40.869508
27.850010 40.869779
27.853769 40.870061
27.857523 40.870369
27.861461 40.870697
27.865466 40.871037
27.869470 40.871403
27.873474 40.871820
27.877461 40.872331
27.880633 40.872825
27.883808 40.873395
27.886936 40.874073
27.890001 40.874858
>
27.863505 40.789032
27.860468 40.790867
27.857530 40.792474
27.855057 40.793817
27.853439 40.794886
27.851634 40.796214
27.848977 40.798013
27.846241 40.799773
27.844254 40.801024
>
28.067846 40.747657
28.065193 40.747710
28.062543 40.747858
28.059885 40.748018
28.057226 40.748154
28.054690 40.748150
28.052180 40.747981
28.049675 40.747697
28.047183 40.747344
28.044616 40.747055
28.042043 40.746917
28.039461 40.746925
28.036862 40.747041
28.034362 40.747163
28.031858 40.747261
28.029359 40.747377
28.026876 40.747550
28.024733 40.747871
28.022690 40.748388
28.020679 40.748982
28.018647 40.749576
28.016444 40.750137
28.014213 40.750641
28.011965 40.751094
28.009709 40.751503
28.006540 40.751895
28.003343 40.752064
28.000138 40.752126
27.996938 40.752206
27.993774 40.752471
27.990675 40.752926
27.987583 40.753457
27.984476 40.753943
27.982892 40.754183
27.981334 40.754461
27.979788 40.754797
27.978274 40.755208
27.976509 40.755752
27.974811 40.756289
27.973137 40.756884
27.971475 40.757586
27.969437 40.758344
27.967161 40.758993
27.964812 40.759527
27.962609 40.760005
27.961103 40.760556
27.959927 40.761400
27.958926 40.762385
27.957886 40.763401
27.956796 40.764037
27.955524 40.764462
27.954211 40.764817
27.952959 40.765255
>
27.867311 40.785767
27.871413 40.783773
27.875489 40.782293
27.879676 40.780965
27.884136 40.779443
27.886820 40.778106
27.889826 40.776251
27.893322 40.774228
27.897488 40.772379
>
27.900098 40.773840
27.900936 40.773553
27.901673 40.773252
27.902302 40.772964
27.902788 40.772719
27.904906 40.771601
27.907078 40.770497
27.909353 40.769525
27.911705 40.768834
27.913537 40.768374
27.915299 40.767794
27.917032 40.767156
27.918778 40.766524
27.920553 40.765956
27.922360 40.765427
27.924155 40.764871
27.925918 40.764259
27.927330 40.763613
27.928738 40.762922
27.930187 40.762314
27.931730 40.761885
27.933513 40.761773
27.935289 40.761903
27.937074 40.762033
27.938848 40.761915
27.939972 40.761769
27.940990 40.761768
27.942099 40.761907
27.943477 40.762199
>
27.952687 40.834003
27.950675 40.833358
27.949243 40.832329
27.947962 40.831187
27.946434 40.830170
27.944779 40.829343
27.943398 40.828664
27.942463 40.828189
27.942122 40.828023
27.942021 40.827997
27.941934 40.827965
27.941842 40.827945
27.941742 40.827919
>
27.979811 40.839256
27.977462 40.839486
27.975843 40.839694
27.974801 40.839886
27.974127 40.840067
27.972415 40.840477
27.971211 40.840573
27.970510 40.840506
27.970264 40.840448
>
27.961679 40.836605
27.960839 40.836632
27.960137 40.836686
27.959480 40.836746
27.958770 40.836781
27.958098 40.836720
27.957614 40.836616
27.957335 40.836513
27.957248 40.836469
>
27.967262 40.838326
27.966240 40.838588
27.965453 40.838819
27.964704 40.838980
27.963859 40.839039
27.963070 40.839035
27.962569 40.839033
27.962297 40.839032
27.962213 40.839031
>
27.963515 40.834856
27.960661 40.834937
27.957899 40.835082
27.955438 40.835133
27.953452 40.834908
>
27.972798 40.835625
27.970548 40.836007
27.967985 40.836249
27.965603 40.836396
27.963831 40.836444
>
27.966801 40.839885
27.968218 40.839822
27.969190 40.839459
27.969967 40.838993
27.970801 40.838648
27.971576 40.838468
27.972036 40.838343
27.972250 40.838287
27.972308 40.838268
>
27.976119 40.842709
27.977714 40.842819
27.979981 40.842461
27.982267 40.841851
27.983956 40.841199
>
27.972926 40.841806
27.974422 40.841807
27.975933 40.841503
27.977276 40.841154
27.978280 40.840988
>
27.989697 40.843174
27.989474 40.843312
27.989202 40.843419
27.988921 40.843532
27.988674 40.843619
27.987958 40.843794
27.987226 40.843866
27.986486 40.843901
27.985738 40.843967
27.985395 40.844042
27.985051 40.844161
27.984695 40.844273
27.984361 40.844341
>
27.978146 40.844064
27.979327 40.844298
27.980099 40.844315
27.980635 40.844222
27.981150 40.844123
27.981543 40.844062
27.981920 40.843975
27.982301 40.843881
27.982686 40.843788
27.983372 40.843632
27.983963 40.843439
27.984541 40.843213
27.985216 40.842931
>
27.940034 40.821343
27.940642 40.821131
27.941249 40.820931
27.941873 40.820769
27.942529 40.820658
27.943206 40.820611
27.943879 40.820595
27.944535 40.820560
27.945195 40.820475
27.946012 40.820225
27.946838 40.819880
27.947614 40.819485
27.948339 40.819114
>
27.948459 40.816386
27.947949 40.816472
27.947522 40.816629
27.947128 40.816843
27.946728 40.817107
27.946267 40.817390
27.945776 40.817635
27.945256 40.817842
27.944716 40.818036
>
27.978036 40.815548
27.979051 40.815001
27.979805 40.814281
27.980413 40.813472
27.981013 40.812650
27.981859 40.811810
27.982867 40.811092
27.984012 40.810507
27.985239 40.810024
27.986085 40.809774
27.986963 40.809569
27.987850 40.809408
27.988748 40.809292
27.989609 40.809226
27.990466 40.809154
27.991297 40.809057
27.992146 40.808896
>
27.951609 40.823921
27.951824 40.823713
27.952089 40.823530
27.952345 40.823347
27.952593 40.823152
27.952800 40.822931
27.952994 40.822710
27.953159 40.822476
27.953315 40.822235
27.953565 40.821812
27.953766 40.821375
27.954003 40.820951
27.954316 40.820534
>
27.947899 40.827893
27.948428 40.827592
27.948842 40.827080
27.949168 40.826504
27.949394 40.826023
27.949644 40.825567
27.949928 40.825125
27.950262 40.824701
27.950616 40.824271
>
27.952655 40.826629
27.954238 40.825590
27.955739 40.824456
27.957065 40.823295
27.958139 40.822190
27.958831 40.821457
27.959525 40.820871
27.960352 40.820405
27.961407 40.820036
27.962328 40.819825
27.963277 40.819633
27.964231 40.819428
27.965144 40.819160
27.966061 40.818828
27.966971 40.818471
27.967892 40.818133
27.968847 40.817839
>
27.962767 40.814865
27.963376 40.814468
27.963856 40.813976
27.964266 40.813438
27.964629 40.812882
27.965040 40.812281
27.965504 40.811719
27.966047 40.811188
27.966690 40.810728
>
27.959498 40.812273
27.959874 40.811843
27.960437 40.811421
27.961042 40.811043
27.961604 40.810741
27.962408 40.810403
27.963283 40.810178
27.964186 40.810018
27.965093 40.809883
27.966598 40.809725
27.968110 40.809625
27.969623 40.809524
27.971115 40.809354
27.972662 40.809019
27.974111 40.808537
27.975485 40.807973
27.976873 40.807357
>
27.971535 40.816031
27.972566 40.815541
27.973627 40.815019
27.974588 40.814409
27.975371 40.813721
27.975670 40.813373
27.975982 40.813032
27.976310 40.812697
27.976668 40.812363
27.977421 40.811738
27.978223 40.811184
27.979079 40.810718
27.980051 40.810304
27.980415 40.810154
27.980801 40.809984
27.981203 40.809853
27.981579 40.809791
>
27.949539 40.816157
27.951196 40.815727
27.952622 40.815024
27.953953 40.814193
27.955288 40.813349
27.956419 40.812517
27.957600 40.811591
27.958897 40.810798
27.960345 40.810449
>
27.935586 40.820502
27.936504 40.820132
27.938036 40.819696
27.939585 40.819266
27.940548 40.818935
27.941384 40.818406
27.942162 40.817826
27.942948 40.817246
27.943813 40.816756
27.944324 40.816555
27.944860 40.816393
27.945404 40.816263
27.945944 40.816139
>
27.997889 40.770065
27.995719 40.770512
27.993624 40.771143
27.991614 40.771927
27.989708 40.772825
27.988966 40.773215
27.988241 40.773618
27.987549 40.774040
27.986857 40.774487
27.985820 40.775275
27.984811 40.776095
27.983803 40.776909
27.982762 40.777697
>
27.917741 40.810941
27.918106 40.810822
27.918582 40.810748
27.919076 40.810700
27.919510 40.810658
27.919937 40.810584
27.920359 40.810491
27.920786 40.810386
27.921201 40.810267
27.921925 40.810062
27.922649 40.809850
27.923365 40.809625
27.924057 40.809356
27.924770 40.809030
27.925445 40.808672
27.926108 40.808307
27.926784 40.807943
27.928172 40.807240
27.929548 40.806530
27.930916 40.805826
27.932283 40.805104
>
27.935118 40.803792
27.937013 40.802927
27.938824 40.802086
27.940547 40.801225
27.942155 40.800301
27.943112 40.799671
27.944053 40.799029
27.944977 40.798374
27.945901 40.797706
27.946759 40.797075
27.947603 40.796426
27.948460 40.795809
27.949392 40.795236
27.950762 40.794647
27.952231 40.794210
27.953713 40.793767
27.955079 40.793139
27.955625 40.792812
27.956150 40.792465
27.956654 40.792113
27.957133 40.791722
27.957562 40.791337
27.958000 40.790946
27.958479 40.790586
27.959024 40.790291
27.960243 40.789764
27.961450 40.789211
27.962636 40.788646
27.963801 40.788043
27.964880 40.787395
27.965912 40.786708
27.966949 40.786015
27.968027 40.785373
27.969076 40.784801
27.970066 40.784228
27.971051 40.783668
27.972124 40.783134
27.973482 40.782500
27.974843 40.781872
27.976180 40.781238
27.977517 40.780578
27.977869 40.780408
27.978217 40.780226
27.978561 40.780037
27.978909 40.779842
27.979295 40.779590
27.979857 40.779250
27.980394 40.778904
27.980734 40.778639
>
28.079818 40.836344
28.081603 40.835577
28.083162 40.834777
28.084332 40.834109
28.084957 40.833705
>
28.072341 40.837590
28.073612 40.836789
28.074705 40.836305
28.075568 40.836004
28.076142 40.835721
>
28.014974 40.849996
28.013176 40.850635
28.011461 40.851433
28.009721 40.852200
28.007791 40.852737
>
28.012026 40.848606
28.011111 40.849122
28.010201 40.849632
28.009265 40.850136
28.008317 40.850607
>
28.096353 40.835518
28.095594 40.836010
28.095060 40.836509
28.094614 40.836952
28.094128 40.837248
28.092926 40.837694
28.091749 40.838179
28.090588 40.838695
28.089469 40.839249
28.089130 40.839431
28.088794 40.839627
28.088463 40.839835
28.088148 40.840050
28.086927 40.840978
28.085788 40.841957
28.084620 40.842917
28.083332 40.843788
28.082942 40.844015
28.082548 40.844229
28.082145 40.844456
28.081747 40.844670
>
28.075238 40.841548
28.075761 40.841385
28.076172 40.841222
28.076553 40.841084
28.076963 40.840952
28.077398 40.840871
28.077850 40.840829
28.078301 40.840786
28.078724 40.840673
28.079093 40.840491
28.079466 40.840283
28.079860 40.840069
28.080271 40.839886
>
28.080783 40.841316
28.081454 40.841052
28.082120 40.840718
28.082745 40.840403
28.083247 40.840152
28.083826 40.839875
28.084371 40.839585
28.084904 40.839250
28.085483 40.838834
>
28.057457 40.851757
28.058137 40.851423
28.058607 40.851121
28.058935 40.850824
28.059183 40.850527
28.059499 40.850172
28.059798 40.849818
28.060114 40.849471
28.060471 40.849148
28.060950 40.848763
28.061463 40.848416
28.061991 40.848095
28.062570 40.847805
28.062880 40.847642
28.063211 40.847491
28.063542 40.847352
28.063869 40.847214
28.063961 40.847176
28.064054 40.847139
28.064142 40.847095
28.064234 40.847063
>
28.065793 40.846302
28.066108 40.846138
28.066414 40.845981
28.066720 40.845823
28.067030 40.845666
28.067600 40.845421
28.068186 40.845239
28.068776 40.845045
28.069371 40.844831
28.069924 40.844567
28.070440 40.844277
28.070948 40.843968
28.071451 40.843646
28.072236 40.843155
28.073029 40.842669
28.073822 40.842196
28.074615 40.841704
>
28.052603 40.847486
28.051827 40.847914
28.051101 40.848400
28.050429 40.848923
28.049811 40.849492
28.049137 40.850213
28.048362 40.851047
28.047533 40.851862
28.046672 40.852563
>
28.044250 40.848213
28.043863 40.848674
28.043358 40.849078
28.042788 40.849418
28.042205 40.849727
28.041576 40.850041
28.040959 40.850362
28.040334 40.850690
28.039709 40.851004
>
28.020069 40.854575
28.021128 40.854389
28.022049 40.854171
28.022849 40.853927
28.023507 40.853644
28.024128 40.853374
28.024760 40.853123
28.025393 40.852878
28.026034 40.852627
28.026470 40.852420
28.026890 40.852174
28.027306 40.851935
28.027717 40.851702
>
28.013740 40.853404
28.014785 40.853358
28.015708 40.853337
28.016603 40.853309
28.017526 40.853269
28.018133 40.853145
28.018783 40.852894
28.019420 40.852611
28.019982 40.852398
28.020522 40.852197
28.021080 40.851958
28.021592 40.851675
28.022053 40.851385
>
28.002828 40.851521
28.003402 40.851378
28.003963 40.851178
28.004508 40.850926
28.005037 40.850687
28.005817 40.850329
28.006605 40.849978
28.007406 40.849626
28.008215 40.849281
>
27.988441 40.847083
27.989410 40.847068
27.990664 40.847036
27.991913 40.847004
27.992883 40.846996
27.993225 40.846997
27.993572 40.846993
27.993915 40.846994
27.994270 40.847002
27.994458 40.847016
27.994671 40.847036
27.994867 40.847049
27.995067 40.847057
27.995272 40.847058
27.995586 40.847021
27.995983 40.846966
27.996410 40.846872
>
27.998134 40.844964
27.997606 40.845139
27.997049 40.845327
27.996488 40.845534
27.995968 40.845728
27.995436 40.845929
27.994778 40.846154
27.994079 40.846348
27.993409 40.846459
>
27.995284 40.848752
27.995936 40.848660
27.996379 40.848598
27.996710 40.848536
27.997024 40.848468
27.997350 40.848406
27.997681 40.848325
27.998012 40.848257
27.998321 40.848188
27.998585 40.848114
27.998849 40.848026
27.999121 40.847938
27.999377 40.847895
>
27.997503 40.849213
27.998636 40.849110
27.999640 40.848867
28.000603 40.848605
28.001612 40.848407
28.001997 40.848370
28.002377 40.848321
28.002770 40.848266
28.003143 40.848179
28.003511 40.848060
28.003876 40.847928
28.004220 40.847771
28.004585 40.847621
28.005037 40.847413
28.005486 40.847187
28.005947 40.846980
28.006425 40.846804
>
28.058843 40.803177
28.058315 40.803448
28.057709 40.803572
28.057066 40.803608
28.056443 40.803618
28.055734 40.803621
28.055020 40.803650
28.054305 40.803673
28.053583 40.803689
>
28.048120 40.802239
28.048521 40.802240
28.048909 40.802261
28.049301 40.802269
28.049690 40.802232
28.050082 40.802196
28.050483 40.802179
28.050880 40.802168
28.051285 40.802150
28.052016 40.802071
28.052732 40.801896
28.053414 40.801645
28.054018 40.801292
>
28.042427 40.802018
28.043036 40.802040
28.043641 40.802099
28.044233 40.802203
28.044821 40.802307
28.045472 40.802399
28.046114 40.802484
28.046765 40.802576
28.047411 40.802654
28.048708 40.802869
28.049983 40.803192
28.051276 40.803464
28.052590 40.803558
>
28.051180 40.799954
28.050006 40.800007
28.048924 40.800173
28.047870 40.800423
28.046790 40.800761
28.046339 40.800861
28.045846 40.800884
28.045341 40.800876
28.044848 40.800861
28.044210 40.800852
28.043588 40.800830
28.042945 40.800808
28.042315 40.800799
>
28.032321 40.801188
28.033921 40.801056
28.035721 40.801032
28.037512 40.801052
28.039123 40.801059
28.039703 40.801068
28.040296 40.801064
28.040877 40.801009
28.041433 40.800885
28.042112 40.800589
28.042736 40.800237
28.043369 40.799897
28.044039 40.799595
>
28.058248 40.815421
28.058580 40.815029
28.058959 40.814656
28.059375 40.814277
28.059770 40.813911
28.060085 40.813601
28.060405 40.813285
28.060741 40.812982
28.061123 40.812711
>
28.053328 40.817298
28.054605 40.816751
28.055668 40.815918
28.056651 40.814989
28.057668 40.814156
>
28.049805 40.814669
28.050132 40.814499
28.050471 40.814355
28.050811 40.814223
28.051150 40.814085
28.051498 40.813915
28.051841 40.813770
28.052214 40.813639
28.052598 40.813558
>
28.049517 40.811248
28.050686 40.810593
28.051773 40.809855
28.052860 40.809111
28.054034 40.808437
28.054830 40.808053
28.055605 40.807688
28.056434 40.807311
28.057389 40.806902
>
28.044576 40.811323
28.045756 40.810972
28.046903 40.810628
28.047996 40.810246
28.049018 40.809787
>
28.053162 40.815305
28.053779 40.814362
28.054406 40.813572
28.055100 40.812864
28.055915 40.812220
28.056955 40.811564
28.058033 40.810953
28.059089 40.810317
28.060096 40.809623
28.060424 40.809338
28.060735 40.809041
28.061025 40.808744
28.061299 40.808428
>
28.016718 40.805118
28.018541 40.804326
28.020417 40.803618
28.022346 40.803011
28.024345 40.802537
28.026482 40.802153
28.028609 40.801788
28.030771 40.801359
28.033005 40.800811
28.034189 40.800346
28.035325 40.799767
28.036461 40.799214
28.037712 40.798838
>
28.004748 40.807837
28.005557 40.807441
28.006378 40.807032
28.007249 40.806700
28.008169 40.806501
28.009231 40.806385
28.010292 40.806276
28.011337 40.806134
28.012382 40.805936
28.013378 40.805655
28.014333 40.805304
28.015238 40.804889
28.016110 40.804423
28.017444 40.803573
28.018750 40.802690
28.020121 40.801865
28.021629 40.801199
>
28.013985 40.815175
28.014376 40.814879
28.014812 40.814595
28.015249 40.814324
28.015648 40.814015
28.016074 40.813490
28.016669 40.812700
28.017292 40.811929
28.017814 40.811480
>
28.016119 40.809791
28.017007 40.809351
28.017834 40.808828
28.018611 40.808267
28.019354 40.807680
28.020655 40.806791
28.022064 40.806017
28.023543 40.805313
28.025076 40.804672
>
28.005161 40.820104
28.005937 40.819105
28.006846 40.818176
28.007905 40.817369
28.009167 40.816734
28.009866 40.816432
28.010525 40.816105
28.011166 40.815740
28.011750 40.815324
28.012339 40.814819
28.012852 40.814282
28.013333 40.813713
28.013813 40.813138
>
27.996388 40.824112
27.997139 40.823697
27.997720 40.823103
27.998201 40.822432
27.998565 40.821793
27.999066 40.820812
27.999517 40.819818
27.999984 40.818830
28.000526 40.817862
28.001037 40.817147
28.001610 40.816465
28.002246 40.815814
28.002936 40.815202
28.003478 40.814754
28.004024 40.814306
28.004554 40.813851
28.005084 40.813397
>
27.983190 40.813485
27.984458 40.813098
27.985661 40.812520
27.986757 40.811814
27.987740 40.811064
27.988450 40.810503
27.989177 40.809973
27.989970 40.809507
27.990896 40.809150
27.991757 40.808944
27.992648 40.808822
27.993551 40.808705
27.994445 40.808583
27.995327 40.808447
27.996210 40.808299
27.997100 40.808151
27.997986 40.808028
27.998847 40.807956
27.999712 40.807884
28.000573 40.807792
28.001417 40.807625
28.002263 40.807356
28.003013 40.806979
28.003710 40.806557
28.004419 40.806103
28.005061 40.805725
28.005719 40.805386
28.006427 40.805103
28.007172 40.804885
>
28.158009 40.835342
28.156250 40.835330
28.154844 40.835148
28.153529 40.835011
28.152066 40.835120
28.150511 40.835420
28.149227 40.835676
28.148336 40.835857
28.147993 40.835926
>
28.089285 40.834921
28.090421 40.834233
28.091737 40.833654
28.092939 40.833145
28.093760 40.832704
28.094306 40.832357
28.094817 40.832118
28.095181 40.831979
28.095327 40.831942
>
28.105484 40.836135
28.107167 40.835596
28.109029 40.835158
28.110931 40.834879
28.112811 40.834778
28.114679 40.834696
28.116480 40.834525
28.117931 40.834346
28.118717 40.834272
>
28.097606 40.837471
28.099540 40.836780
28.101294 40.836215
28.102579 40.835839
28.103081 40.835701
28.103542 40.835513
28.104011 40.835337
28.104476 40.835142
28.104945 40.834966
>
28.102265 40.827443
28.103214 40.827897
28.104197 40.828275
28.105231 40.828571
28.106291 40.828797
28.106766 40.828875
28.107259 40.828940
28.107734 40.829011
28.108210 40.829102
28.108685 40.829262
28.109147 40.829480
28.109555 40.829735
28.109963 40.829978
28.110359 40.830182
28.110729 40.830380
28.111121 40.830565
28.111516 40.830757
28.112329 40.831090
28.113171 40.831385
28.114017 40.831667
28.114859 40.831956
>
28.126181 40.837763
28.126654 40.838297
28.127052 40.838845
28.127467 40.839404
28.127935 40.839926
28.128447 40.840372
28.128996 40.840774
28.129595 40.841137
28.130232 40.841457
28.130828 40.841732
28.131441 40.841975
28.132058 40.842205
28.132687 40.842423
28.133063 40.842564
28.133442 40.842730
28.133808 40.842890
28.134154 40.843082
28.134816 40.843528
28.135490 40.844006
28.136172 40.844491
28.136859 40.844918
28.138825 40.845927
28.140829 40.846911
28.142867 40.847851
28.144934 40.848739
28.145984 40.849212
28.146993 40.849666
28.148027 40.850063
28.149165 40.850390
28.150225 40.850622
28.151290 40.850854
28.152345 40.851092
28.153405 40.851317
28.153864 40.851427
28.154323 40.851530
28.154782 40.851639
28.155237 40.851742
28.156456 40.852044
28.157670 40.852340
28.158884 40.852636
28.160098 40.852944
28.160766 40.853105
28.161446 40.853278
28.162126 40.853445
28.162802 40.853631
>
28.145808 40.835322
28.145223 40.835301
28.144613 40.835280
28.144024 40.835259
28.143431 40.835251
28.141263 40.835231
28.139108 40.835243
28.136948 40.835274
28.134784 40.835305
28.132219 40.835340
28.129663 40.835370
28.127098 40.835399
28.124533 40.835435
28.123726 40.835451
28.122928 40.835467
28.122122 40.835484
28.121320 40.835506
>
28.261344 40.846303
28.256239 40.846228
28.249567 40.846035
28.243043 40.845728
28.238365 40.845349
28.235735 40.844994
28.233129 40.844600
28.230524 40.844181
28.227915 40.843737
28.226404 40.843479
28.224880 40.843209
28.223386 40.842920
28.221875 40.842624
28.218294 40.841866
28.214713 40.841095
28.211115 40.840356
28.207484 40.839731
28.205801 40.839473
28.204132 40.839208
28.202441 40.838975
28.200750 40.838774
28.199063 40.838655
28.197355 40.838618
28.195650 40.838633
28.193958 40.838672
28.192041 40.838686
28.190149 40.838642
28.188253 40.838536
28.186374 40.838333
28.185284 40.838197
28.184190 40.838035
28.183109 40.837867
28.182024 40.837699
28.181707 40.837704
28.181247 40.837779
28.180515 40.837847
28.179383 40.837875
>
28.168475 40.838096
28.170673 40.837868
28.173311 40.837565
28.175689 40.837268
28.177136 40.837095
>
28.161768 40.837708
28.163528 40.837561
28.165923 40.837321
28.168226 40.837036
28.169706 40.836793
>
28.174786 40.856079
28.183418 40.854550
28.188587 40.853594
28.191109 40.853100
28.191774 40.852962
>
28.164833 40.857622
28.166129 40.857392
28.167446 40.857205
28.168759 40.857101
28.170092 40.857074
28.170272 40.857074
28.170447 40.857081
28.170627 40.857088
28.170811 40.857095
>
28.162976 40.857820
28.161759 40.857987
28.160547 40.858161
28.159330 40.858354
28.158137 40.858572
>
28.256037 40.850675
28.256435 40.850429
28.256779 40.850144
28.257127 40.849859
28.257491 40.849587
28.257935 40.849341
28.258412 40.849133
28.258914 40.848950
28.259433 40.848805
28.260039 40.848673
28.260646 40.848566
28.261302 40.848466
28.262092 40.848366
>
28.254842 40.850698
28.247422 40.850688
28.238811 40.850718
28.229748 40.850836
28.220952 40.851086
28.212430 40.851496
28.204414 40.851982
28.197919 40.852395
28.194003 40.852613
>
28.156514 40.858954
28.155568 40.859231
28.154626 40.859526
28.153697 40.859846
28.152780 40.860180
28.152072 40.860438
28.151381 40.860702
28.150682 40.860973
28.149987 40.861237
28.148487 40.861854
28.146987 40.862522
28.145533 40.863228
28.144125 40.863959
28.142938 40.864647
28.141756 40.865354
28.140561 40.866029
28.139312 40.866646
28.138030 40.867169
28.136711 40.867659
28.135400 40.868150
28.134134 40.868691
28.132940 40.869265
28.131787 40.869870
28.130651 40.870501
28.129531 40.871151
28.128914 40.871536
28.128285 40.871914
28.127685 40.872299
28.127073 40.872684
28.125944 40.873397
28.124803 40.874091
28.123645 40.874773
28.122475 40.875441
28.119809 40.876796
28.117038 40.878005
28.114227 40.879143
28.111406 40.880333
28.110622 40.880692
28.109842 40.881057
28.109037 40.881422
28.108245 40.881781
28.107126 40.882329
28.106035 40.882902
28.104949 40.883482
28.103813 40.884011
28.102387 40.884615
28.100946 40.885194
28.099483 40.885747
28.098016 40.886281
28.097053 40.886645
28.096101 40.887041
28.095179 40.887444
28.094227 40.887828
28.093109 40.888210
28.091953 40.888536
28.090784 40.888830
28.089620 40.889130
28.088435 40.889386
28.087234 40.889559
28.086033 40.889707
28.084824 40.889892
28.083681 40.890123
28.082546 40.890372
28.081440 40.890685
28.080355 40.891049
28.079404 40.891414
28.078436 40.891765
28.077455 40.892085
28.076454 40.892386
28.075687 40.892605
28.074925 40.892849
28.074150 40.893075
28.073366 40.893268
28.072336 40.893487
28.071277 40.893647
28.070202 40.893764
28.069131 40.893817
28.068345 40.893820
28.067563 40.893817
28.066782 40.893807
28.066008 40.893791
28.064633 40.893748
28.063258 40.893704
28.061887 40.893673
28.060515 40.893655
28.058479 40.893685
28.056463 40.893817
28.054492 40.894075
28.052532 40.894511
28.051736 40.894698
28.050903 40.894879
28.050082 40.895059
28.049323 40.895304
>
28.107432 40.876118
28.109647 40.875555
28.112248 40.874688
28.114535 40.873840
28.115817 40.873318
28.116048 40.873223
28.116261 40.873129
28.116463 40.873041
28.116660 40.872953
28.117120 40.872764
28.117539 40.872626
28.117895 40.872525
28.118184 40.872495
28.118840 40.872478
28.119572 40.872449
28.120353 40.872413
28.121160 40.872404
>
28.099524 40.876685
28.100918 40.876430
28.102283 40.876023
28.103636 40.875482
28.104987 40.874802
28.106090 40.874159
28.107277 40.873484
28.108514 40.872905
28.109782 40.872573
>
28.099110 40.875453
28.098161 40.876090
28.097189 40.876493
28.096201 40.876724
28.095201 40.876866
28.093904 40.877045
28.092749 40.877295
28.091664 40.877684
28.090540 40.878258
>
28.090761 40.876951
28.089435 40.877175
28.088092 40.877366
28.086753 40.877545
28.085402 40.877680
28.083729 40.877838
28.082085 40.878067
28.080477 40.878410
28.078952 40.878943
>
28.059410 40.883720
28.060635 40.883154
28.061897 40.882651
28.063142 40.882117
28.064308 40.881487
28.065106 40.881014
28.065903 40.880593
28.066746 40.880221
28.067668 40.879914
28.068723 40.879601
28.069758 40.879256
28.070776 40.878886
28.071766 40.878465
28.072457 40.878156
28.073137 40.877829
28.073829 40.877502
28.074521 40.877194
28.075145 40.876885
28.075846 40.876552
28.076575 40.876288
28.077278 40.876176
>
28.058789 40.882290
28.058020 40.882813
28.057302 40.883242
28.056660 40.883627
28.056089 40.884018
28.055790 40.884245
28.055475 40.884447
28.055152 40.884629
28.054787 40.884793
28.054419 40.884905
28.054013 40.884986
28.053619 40.885086
28.053288 40.885237
>
28.050955 40.882912
28.049730 40.883547
28.048626 40.884184
28.047559 40.884820
28.046459 40.885456
28.045331 40.885959
28.044229 40.886259
28.043061 40.886565
28.041719 40.887061
>
28.038648 40.883476
28.037941 40.883485
28.037318 40.883552
28.036707 40.883651
28.036041 40.883801
28.035123 40.884089
28.034222 40.884447
28.033341 40.884805
28.032411 40.885074
>
28.053667 40.883075
28.053301 40.883359
28.052528 40.883927
28.051767 40.884514
28.051384 40.884792
28.050512 40.885213
28.049594 40.885520
28.048635 40.885776
28.047647 40.886007
>
28.040976 40.886347
28.040167 40.886680
28.039553 40.887109
28.039103 40.887520
28.038800 40.887823
28.038485 40.888056
28.038178 40.888233
28.037826 40.888377
28.037411 40.888515
28.035920 40.888896
28.034400 40.889200
28.032864 40.889467
28.031315 40.889682
>
28.036799 40.884743
28.037516 40.884461
28.038332 40.884350
28.039168 40.884354
28.039992 40.884370
28.041221 40.884318
28.042464 40.884171
28.043690 40.883922
28.044851 40.883578
28.045828 40.883144
28.046735 40.882634
28.047637 40.882098
28.048585 40.881626
>
28.008392 40.896015
28.008472 40.896003
28.008547 40.895991
28.008623 40.895959
28.008694 40.895915
28.009118 40.895676
28.009530 40.895418
28.009933 40.895159
28.010370 40.894927
28.011159 40.894543
28.011936 40.894153
28.012712 40.893776
28.013530 40.893411
28.014214 40.893116
28.014906 40.892815
28.015594 40.892507
28.016286 40.892231
28.017095 40.891949
28.017921 40.891705
28.018776 40.891493
28.019651 40.891325
28.020354 40.891189
28.021078 40.891059
28.021794 40.890935
28.022518 40.890837
28.023598 40.890746
28.024664 40.890694
28.025739 40.890673
28.026822 40.890665
28.027687 40.890644
28.028512 40.890533
28.029274 40.890320
28.029992 40.889955
28.030669 40.889463
28.031296 40.888933
28.031927 40.888415
28.032603 40.887923
28.033074 40.887659
28.033577 40.887395
28.034106 40.887156
28.034617 40.886929
28.035104 40.886709
28.035603 40.886509
28.036131 40.886346
28.036671 40.886266
>
28.156652 40.930122
28.150165 40.931190
28.145166 40.931891
28.141449 40.932317
28.138871 40.932505
28.136235 40.932572
28.132959 40.932574
28.129821 40.932576
28.127574 40.932648
28.126109 40.932776
28.124941 40.932877
28.124154 40.932956
28.123874 40.932987
>
28.187165 40.920242
28.182632 40.922412
28.179060 40.924127
28.176363 40.925544
28.174440 40.926849
28.172626 40.928087
28.170529 40.929191
28.168482 40.930178
28.166808 40.931026
28.165470 40.931679
28.164368 40.932107
28.163614 40.932343
28.163333 40.932421
>
27.357110 40.758122
27.358943 40.758059
27.360391 40.758049
27.361489 40.758016
27.362262 40.757929
27.362892 40.757707
27.363499 40.757396
27.364021 40.757116
27.364433 40.756955
27.364789 40.756870
27.365099 40.756778
27.365330 40.756704
27.365414 40.756667
>
27.835173 40.819193
27.830605 40.817927
27.826808 40.816876
27.823551 40.816025
27.820543 40.815378
27.816921 40.814778
27.812785 40.814181
27.809391 40.813715
27.807990 40.813528
>
27.703682 40.813171
27.705576 40.812664
27.708093 40.812048
27.710742 40.811585
27.713023 40.811469
27.718073 40.811721
27.727209 40.812103
27.737230 40.812485
27.744898 40.812754
27.750780 40.812871
27.757065 40.812882
27.762916 40.812833
27.767485 40.812737
27.774551 40.812740
27.786061 40.812905
27.798519 40.813138
27.808451 40.813354
27.814112 40.813466
27.816776 40.813495
27.817574 40.813487
27.817591 40.813475
27.824594 40.813848
27.834484 40.814423
27.845456 40.815092
27.855688 40.815731
27.864094 40.816250
27.876481 40.816994
27.888772 40.817717
27.896948 40.818175
27.902148 40.818534
27.914139 40.819367
27.927485 40.820358
27.936799 40.821181
>
27.589148 40.797990
27.589809 40.797932
27.590621 40.797799
27.591428 40.797698
27.592075 40.797697
27.592848 40.797919
27.594107 40.798361
27.595799 40.798896
27.597907 40.799440
27.601881 40.800069
27.607907 40.800855
27.613939 40.801576
27.617924 40.802034
27.620620 40.802417
27.623777 40.802919
27.626856 40.803407
27.629323 40.803725
27.634661 40.804478
27.644311 40.805995
27.654676 40.807694
27.662121 40.808950
27.668558 40.810085
27.677152 40.811584
27.686174 40.813048
27.693956 40.814134
27.694423 40.814220
27.694898 40.814312
27.695373 40.814411
27.695839 40.814503
27.698908 40.814868
27.702015 40.815183
27.704851 40.815483
27.707143 40.815842
27.709698 40.816273
27.713009 40.816640
27.716235 40.816809
27.718538 40.816642
27.720471 40.816376
27.722480 40.816353
27.724153 40.816441
27.725071 40.816498
>
27.560235 40.794248
27.560762 40.794145
27.561307 40.794022
27.561867 40.793938
27.562468 40.793950
27.563248 40.794039
27.564277 40.794143
27.565515 40.794262
27.566924 40.794413
27.570164 40.794980
27.575638 40.796061
27.581366 40.797195
27.585396 40.797958
27.587611 40.798332
27.589323 40.798600
27.590553 40.798744
27.591371 40.798744
27.591944 40.798673
27.592379 40.798607
27.592668 40.798565
27.592760 40.798540
>
27.529743 40.793980
27.532101 40.794001
27.535649 40.794027
27.539156 40.794019
27.541440 40.793976
27.544276 40.793919
27.549002 40.793858
27.553661 40.793848
27.556353 40.793897
27.557307 40.794045
27.558102 40.794242
27.558703 40.794469
27.559114 40.794663
27.559562 40.794845
27.560156 40.795015
27.560764 40.795153
27.561205 40.795214
27.561594 40.795180
27.562050 40.795114
27.562435 40.795041
27.562599 40.795011
>
27.518153 40.795894
27.519522 40.795945
27.521271 40.795922
27.522993 40.795811
27.524286 40.795632
27.525224 40.795412
27.526125 40.795192
27.526943 40.794939
27.527646 40.794596
>
27.496966 40.796958
27.498814 40.797298
27.500552 40.797498
27.502442 40.797585
27.504767 40.797562
27.507308 40.797433
27.509679 40.797201
27.511779 40.796896
27.513558 40.796595
27.514890 40.796315
27.515808 40.796127
27.516327 40.796017
27.516491 40.795968
>
27.475768 40.799095
27.473848 40.799065
27.471768 40.798867
27.469741 40.798518
27.467982 40.798076
27.466246 40.797514
27.464403 40.796900
27.462788 40.796320
27.461751 40.795891
>
27.491069 40.800196
27.489779 40.800216
27.488418 40.800159
27.487073 40.799994
27.485782 40.799735
27.484951 40.799537
27.484738 40.799547
27.484848 40.799663
27.484948 40.799727
27.484617 40.799787
27.483730 40.799900
27.482473 40.799920
27.481044 40.799691
27.479640 40.799271
27.478348 40.798872
27.477269 40.798494
27.476477 40.798157
>
27.488595 40.798270
27.490474 40.798782
27.492319 40.799288
27.494037 40.799704
27.495524 40.799914
27.497097 40.800017
27.498919 40.800136
27.500722 40.800203
27.502212 40.800191
>
27.839251 40.819744
27.843329 40.820372
27.846783 40.821141
27.849739 40.822111
27.852323 40.823370
>
27.669815 40.856499
27.672119 40.855457
27.674652 40.854448
27.677078 40.853609
27.679041 40.853079
27.681800 40.852681
27.685943 40.852172
27.690087 40.851626
27.692839 40.851088
27.694572 40.850523
27.696267 40.849920
27.697556 40.849454
27.698085 40.849261
>
27.656004 40.858728
27.658116 40.858306
27.660258 40.857764
27.662352 40.857133
27.664300 40.856457
27.665939 40.855746
27.667273 40.855026
27.668414 40.854394
27.669536 40.853933
>
27.634859 40.859945
27.636729 40.859192
27.638320 40.858348
27.639802 40.857510
27.641330 40.856748
27.642792 40.856131
27.644032 40.855633
27.645137 40.855178
27.646259 40.854692
27.647431 40.854264
27.648525 40.853980
27.649326 40.853828
27.649640 40.853780
>
27.612362 40.859758
27.614576 40.859522
27.616953 40.858951
27.619076 40.858353
27.620485 40.857971
27.621553 40.857523
27.622798 40.856683
27.624043 40.855810
27.625121 40.855216
27.626455 40.854783
27.628201 40.854257
27.629703 40.853813
27.630349 40.853627
>
27.570849 40.859660
27.572691 40.859434
27.575152 40.859170
27.577837 40.858996
27.580361 40.859036
27.583033 40.859230
27.586131 40.859376
27.589181 40.859440
27.591681 40.859366
27.594213 40.858847
27.597181 40.857901
27.599856 40.856952
27.601519 40.856427
27.603232 40.856155
27.605815 40.855789
27.608168 40.855466
27.609190 40.855328
>
27.531369 40.858612
27.535804 40.858530
27.540706 40.858554
27.545150 40.858701
27.548204 40.858995
27.551568 40.859570
27.556483 40.860355
27.561341 40.861107
27.564548 40.861554
27.566267 40.861765
27.567676 40.861974
27.568631 40.862135
27.568972 40.862195
>
27.440195 40.777923
27.441478 40.777815
27.442740 40.777719
27.444006 40.777611
27.445273 40.777503
27.446619 40.777376
27.447957 40.777237
27.449303 40.777110
27.450645 40.776971
27.451798 40.777134
27.452948 40.777285
27.454097 40.777448
27.455242 40.777599
27.456383 40.777990
27.457520 40.778382
27.458666 40.778767
27.459816 40.779153
27.460544 40.779255
27.461265 40.779351
27.461990 40.779446
27.462718 40.779536
27.463634 40.779729
27.464561 40.779909
27.465477 40.780089
27.466392 40.780275
27.466996 40.780604
27.467600 40.780927
27.468216 40.781251
27.468820 40.781574
27.469466 40.782163
27.470116 40.782753
27.470745 40.783343
27.471391 40.783933
27.472343 40.784120
27.473300 40.784306
27.474257 40.784487
27.475219 40.784667
>
27.446105 40.764979
27.445121 40.764417
27.444121 40.763836
27.443129 40.763262
27.442137 40.762687
27.441283 40.762095
27.440426 40.761484
27.439564 40.760879
27.438706 40.760281
27.437967 40.759823
27.436266 40.758785
27.434365 40.757650
27.433022 40.756919
27.431641 40.756398
27.429794 40.755828
27.427822 40.755276
27.426078 40.754795
27.424592 40.754362
27.422582 40.753796
27.420709 40.753283
27.419678 40.753069
>
27.439400 40.765643
27.441015 40.766408
27.442638 40.767166
27.444248 40.767924
27.445871 40.768682
27.446336 40.768851
27.447422 40.769268
27.448711 40.769801
27.449754 40.770312
27.450726 40.771096
27.451921 40.772281
27.453161 40.773473
27.454220 40.774321
>
27.459180 40.753473
27.461463 40.753470
27.463528 40.753445
27.465202 40.753417
27.466316 40.753402
>
27.438119 40.753790
27.440472 40.753769
27.443500 40.753563
27.446621 40.753340
27.449268 40.753239
27.451137 40.753238
27.452385 40.753205
27.453053 40.753161
27.453270 40.753144
>
27.373332 40.757200
27.377518 40.757173
27.384073 40.757120
27.390674 40.757111
27.395032 40.757238
27.397096 40.757310
27.399571 40.757234
27.402036 40.757068
27.404038 40.756879
27.406030 40.756544
27.408497 40.755946
27.411093 40.755179
27.413428 40.754327
27.415827 40.753609
27.418479 40.753159
27.420878 40.752923
27.422444 40.752862
27.423797 40.752787
27.425673 40.752634
27.427693 40.752571
27.429521 40.752761
>
27.361469 40.754989
27.368514 40.756465
27.374510 40.757815
27.379155 40.758922
27.382134 40.759670
27.385398 40.760516
27.389102 40.761518
27.393205 40.762677
27.397650 40.764004
27.397999 40.764109
27.398368 40.764220
27.398725 40.764338
27.399103 40.764456
>
27.401952 40.765716
27.403837 40.766496
27.405646 40.767295
27.407303 40.768048
27.408744 40.768684
27.410985 40.769633
27.413488 40.770654
27.415510 40.771480
27.416347 40.771812
>
27.362469 40.753660
27.361569 40.753594
27.360995 40.753493
27.360474 40.753455
27.359667 40.753580
27.358712 40.753792
27.357937 40.753943
27.357431 40.754026
27.357251 40.754050
>
27.512306 40.829295
27.513427 40.829470
27.514597 40.829671
27.515860 40.829835
27.517271 40.829905
27.517664 40.829895
27.518065 40.829886
27.518471 40.829865
27.518863 40.829855
>
27.523759 40.829608
27.524721 40.829521
27.525683 40.829441
27.526632 40.829354
27.527586 40.829267
27.528639 40.829213
27.529693 40.829159
27.530738 40.829105
27.531775 40.829045
>
27.472281 40.827814
27.473631 40.827986
27.474763 40.828256
27.475923 40.828604
27.477382 40.829017
27.479214 40.829358
27.481312 40.829543
27.483607 40.829710
27.486092 40.829968
27.486919 40.829976
27.488857 40.830013
27.491116 40.830034
27.492925 40.830057
27.494123 40.830068
27.495059 40.830076
27.495685 40.830082
27.495907 40.830084
>
27.508500 40.834350
27.509707 40.834399
27.510971 40.834245
27.512248 40.834066
27.513480 40.834027
27.515130 40.834054
27.516351 40.833951
27.517502 40.833866
27.518947 40.833886
27.521176 40.833950
27.524054 40.833963
27.526890 40.834020
27.529021 40.834255
27.530579 40.834523
27.532093 40.834670
27.533546 40.834721
27.534891 40.834745
27.536183 40.834922
27.537463 40.835111
27.538755 40.835287
27.540043 40.835470
27.542132 40.835748
27.544212 40.836033
27.546296 40.836324
27.548381 40.836602
27.549434 40.836548
27.550475 40.836487
27.551525 40.836433
27.552570 40.836379
>
27.512812 40.829490
27.509832 40.829114
27.506804 40.828782
27.504117 40.828649
27.502138 40.828822
27.500478 40.828940
27.498387 40.828806
27.496436 40.828610
27.495183 40.828574
>
27.464447 40.812181
27.466869 40.813473
27.469755 40.815251
27.472636 40.817036
27.475063 40.818328
27.477923 40.819891
27.481722 40.822287
27.485363 40.824701
27.487780 40.826354
27.488939 40.826993
27.490453 40.827648
27.492102 40.828241
27.493693 40.828744
27.495073 40.829188
27.496182 40.829585
27.496934 40.829865
27.497212 40.829976
27.500741 40.831017
27.504490 40.832765
27.507536 40.834569
27.509012 40.835788
27.509982 40.836819
27.511706 40.838230
27.513556 40.839567
27.514884 40.840417
27.515922 40.841378
27.517269 40.843116
27.518714 40.845274
27.520084 40.847469
27.521120 40.849338
27.521820 40.850861
27.522230 40.851880
27.522354 40.852255
27.522739 40.852995
27.523778 40.854711
27.525312 40.856584
27.527143 40.857850
27.529334 40.858631
27.531652 40.859483
27.533578 40.860332
27.534595 40.861102
27.535477 40.861846
27.537058 40.862634
27.538818 40.863386
27.540304 40.864065
27.541473 40.864672
27.542526 40.865240
27.543293 40.865646
27.543596 40.865801
27.544004 40.865925
27.545084 40.866303
27.546533 40.866969
27.548077 40.867960
27.549758 40.869263
27.551250 40.870431
27.552324 40.871265
27.552737 40.871592
>
27.460991 40.795903
27.459952 40.795633
27.458926 40.795357
27.457887 40.795068
27.456856 40.794791
27.455568 40.794411
27.452548 40.793500
27.449131 40.792395
27.446596 40.791475
27.444117 40.790423
27.441646 40.789397
27.439722 40.788617
27.438955 40.788311
27.437801 40.787716
27.436655 40.787108
27.435509 40.786501
27.434354 40.785906
27.433606 40.785454
27.431870 40.784453
27.429935 40.783349
27.428604 40.782607
27.427612 40.782057
27.426632 40.781496
27.425648 40.780940
27.424656 40.780385
27.423176 40.779545
27.421692 40.778712
27.420212 40.777872
27.418724 40.777026
27.418621 40.776987
27.418521 40.776942
27.418426 40.776890
27.418318 40.776845
27.417530 40.776818
27.416746 40.776778
27.415962 40.776745
27.415165 40.776705
27.414521 40.776585
27.413863 40.776458
27.413218 40.776343
27.412574 40.776216
27.411810 40.775987
27.411042 40.775744
27.410265 40.775521
27.409489 40.775272
27.408677 40.774959
27.407860 40.774653
27.407026 40.774333
27.406218 40.774027
27.405518 40.773741
27.404826 40.773436
27.404130 40.773143
27.403438 40.772863
27.402617 40.772544
27.401805 40.772231
27.400979 40.771925
27.400159 40.771612
27.399766 40.771392
27.398873 40.770907
27.397897 40.770396
27.397288 40.770136
27.396826 40.769833
27.396215 40.769224
27.395666 40.768628
27.395425 40.768372
27.394858 40.768055
27.394288 40.767745
27.393718 40.767441
27.393151 40.767131
27.392480 40.766629
27.391817 40.766134
27.391154 40.765626
27.390483 40.765124
>
27.438858 40.788634
27.440204 40.789751
27.441669 40.791510
27.442840 40.793127
27.443329 40.793836
27.443746 40.794126
27.444815 40.794872
27.446275 40.795927
27.447870 40.797135
27.449756 40.798689
27.451870 40.800600
27.453631 40.802432
27.454495 40.803703
27.455460 40.804918
27.457509 40.806530
27.460017 40.808147
27.462360 40.809369
>
29.179688 40.763448
29.183295 40.764783
29.186867 40.766258
29.190177 40.767499
29.193021 40.768154
29.196015 40.768287
29.199604 40.768309
29.203272 40.768361
29.206521 40.768581
29.209853 40.769099
29.213474 40.769760
29.216380 40.770325
29.217572 40.770565
>
29.331507 40.738929
29.328053 40.739171
29.324621 40.739540
29.321399 40.740059
29.318571 40.740703
29.315667 40.741606
29.312150 40.742781
29.308199 40.744048
29.303952 40.745266
29.298985 40.746654
29.290002 40.749169
29.280872 40.751677
29.275478 40.753067
29.274362 40.753177
29.273270 40.753286
29.272157 40.753389
29.271049 40.753492
29.267555 40.754012
29.263973 40.754526
29.260763 40.754999
29.258427 40.755377
29.255933 40.756206
29.253755 40.757535
29.252023 40.758936
29.250897 40.759991
29.249156 40.761627
29.246183 40.764306
29.243135 40.766922
29.241078 40.768396
29.239875 40.768950
29.238738 40.769516
29.237909 40.769946
29.237572 40.770107
29.236982 40.770321
29.235482 40.770807
29.233514 40.771334
29.231507 40.771696
29.229793 40.771848
29.228517 40.771920
29.227696 40.771957
29.227412 40.771965
>
29.033496 40.757892
29.034450 40.757139
29.035358 40.756506
29.036151 40.756014
29.036748 40.755630
29.037204 40.755285
29.037577 40.754947
29.037837 40.754692
29.037937 40.754590
>
29.410176 40.725102
29.415204 40.723880
29.420447 40.722839
29.425936 40.722050
29.431721 40.721576
29.437294 40.721172
29.442049 40.720687
29.445808 40.720274
29.448428 40.720092
>
28.710901 40.722754
28.703551 40.724285
28.695942 40.725878
28.689492 40.727476
28.685627 40.728999
28.682962 40.730583
28.679218 40.732239
28.674459 40.733617
28.668781 40.734369
28.663853 40.734687
28.660947 40.734964
28.659575 40.735169
28.659233 40.735246
>
28.404117 40.663329
28.396685 40.668588
28.389638 40.672629
28.383240 40.675845
28.377689 40.678649
28.372625 40.681410
28.367411 40.684265
28.361937 40.687316
28.356057 40.690690
28.350756 40.694261
28.346797 40.697714
28.343751 40.700755
28.341148 40.703092
28.340003 40.703953
28.338859 40.704814
28.337719 40.705675
28.336579 40.706537
28.329945 40.710003
28.323246 40.714364
28.317794 40.718466
28.314880 40.721158
28.313653 40.722850
28.311999 40.725156
28.310086 40.727723
28.308094 40.730175
>
28.370457 40.698379
28.362641 40.702480
28.354467 40.705991
28.347195 40.708900
28.342086 40.711145
28.337599 40.713225
28.332165 40.715514
28.327006 40.717803
28.323331 40.719890
>
28.407940 40.672823
28.404769 40.675688
28.400957 40.678515
28.397465 40.680814
28.395288 40.682170
28.390942 40.684716
28.387254 40.686876
28.384500 40.688732
28.382959 40.690354
28.381039 40.692256
28.378089 40.694054
28.375039 40.695637
28.372857 40.696916
>
28.384807 40.728379
28.387829 40.721752
28.391306 40.715088
28.394430 40.709311
28.396371 40.705354
28.397989 40.702469
28.400290 40.699559
28.402666 40.696979
28.404552 40.695128
28.406664 40.693347
28.409539 40.691021
28.412322 40.688555
28.414171 40.686368
>
28.347093 40.704179
28.348881 40.702741
28.350882 40.700904
28.352770 40.699156
28.354215 40.697984
28.355592 40.697123
28.357266 40.696097
28.358827 40.695110
28.359858 40.694337
28.360527 40.693678
28.361266 40.692975
28.362097 40.692348
28.363006 40.691955
>
28.418314 40.653735
28.415838 40.655180
28.413449 40.656612
28.411219 40.657980
28.409272 40.659254
>
28.423499 40.763874
28.433418 40.763164
28.442660 40.762255
28.450726 40.761327
28.457127 40.760619
28.462868 40.759904
28.468789 40.759062
28.474158 40.758353
28.478264 40.758055
28.482014 40.758158
28.486311 40.758336
28.490425 40.758362
28.493642 40.758057
>
28.400550 40.690670
28.399235 40.692173
28.396839 40.694448
28.394034 40.696615
28.391507 40.697818
28.388708 40.698837
28.385137 40.700629
28.381486 40.702528
28.378487 40.703851
28.375061 40.705446
28.370283 40.708048
28.365099 40.710909
28.360450 40.713270
>
28.366025 40.744080
28.373058 40.743625
28.380455 40.742904
28.387122 40.742036
28.391982 40.741178
28.395779 40.740445
28.399617 40.739903
28.403008 40.739646
28.405452 40.739737
28.407204 40.739891
28.408747 40.739867
28.409827 40.739792
28.410249 40.739741
>
28.334298 40.748053
28.339927 40.746995
28.344697 40.746107
28.348845 40.745568
28.352566 40.745516
28.356052 40.745685
28.359181 40.745670
28.361759 40.745585
28.363628 40.745530
>
28.449331 40.633110
28.444928 40.635335
28.441012 40.637490
28.438008 40.639366
28.436337 40.640773
28.435153 40.642105
28.433561 40.643684
28.431839 40.645218
28.430330 40.646384
28.429042 40.647367
28.427779 40.648578
28.426482 40.650099
28.425093 40.651995
28.423549 40.654450
28.421858 40.657373
28.419984 40.660417
28.417902 40.663213
28.415636 40.665724
28.413500 40.667956
28.411924 40.669540
28.411302 40.670149
>
28.483324 40.618396
28.487367 40.614989
28.490514 40.611723
28.494377 40.608322
28.500578 40.604503
28.510965 40.599345
28.524317 40.593126
28.537663 40.587374
28.548041 40.583653
28.554804 40.581727
28.559421 40.580355
28.562049 40.579541
28.562893 40.579261
>
28.443477 40.656758
28.446962 40.653632
28.450500 40.650824
28.453409 40.648446
28.455005 40.646537
28.456027 40.644126
28.457670 40.640695
28.459988 40.636984
28.462992 40.633744
28.466041 40.631232
28.468362 40.629260
28.469853 40.627985
28.470369 40.627528
>
28.646693 40.545913
28.637977 40.549109
28.628628 40.552470
28.620176 40.555766
28.614147 40.558742
28.609037 40.561583
28.603065 40.564380
28.597375 40.566827
28.593072 40.568639
28.589102 40.570082
28.584283 40.571653
28.579535 40.573370
28.575831 40.575231
28.572189 40.577511
28.567928 40.580032
28.564381 40.582071
28.562897 40.582916
>
28.644517 40.643164
28.640244 40.645054
28.636553 40.646460
28.633120 40.647600
28.629661 40.648658
28.626436 40.649676
28.624026 40.650498
28.622511 40.651039
28.621978 40.651230
>
28.725284 40.553087
28.706414 40.555757
28.686371 40.559371
28.668307 40.563277
28.655372 40.566734
28.647501 40.569302
28.642322 40.571009
28.639483 40.571945
28.638614 40.572245
28.635974 40.573060
28.633339 40.573894
28.630707 40.574722
28.628072 40.575550
28.611268 40.581767
28.596223 40.588962
28.584332 40.595614
28.576935 40.600175
28.571567 40.604835
28.565619 40.611786
28.560403 40.619497
28.557195 40.626420
28.555775 40.631122
28.554700 40.634669
28.553737 40.637994
28.552645 40.642023
>
28.536725 40.648811
28.532474 40.651020
28.528760 40.653540
28.526058 40.655914
28.524875 40.657659
28.523852 40.660146
28.521829 40.664105
28.519584 40.668109
28.517885 40.670755
28.516815 40.672081
28.515945 40.673071
28.515370 40.673699
28.515161 40.673908
>
28.656805 40.544117
28.668753 40.543166
28.680361 40.543243
28.691407 40.543966
28.701655 40.544962
28.715804 40.547206
28.736210 40.551389
28.759125 40.556849
28.780806 40.562828
28.804081 40.569826
28.831807 40.578233
28.860214 40.587246
28.885569 40.596028
28.904678 40.603235
28.917375 40.608136
28.924424 40.610932
28.926623 40.611830
>
28.678367 40.583339
28.682106 40.581531
28.685338 40.579914
28.688146 40.578482
28.690642 40.577253
28.692856 40.576038
28.694820 40.574702
28.696517 40.573316
28.697968 40.571981
28.699075 40.570590
28.699893 40.569098
28.700683 40.567675
28.701707 40.566481
>
28.724613 40.557281
28.718219 40.560181
28.713184 40.561885
28.709182 40.562977
28.705900 40.564068
28.702964 40.565622
28.700026 40.567581
28.696801 40.569731
28.693030 40.571870
28.689146 40.573608
28.685868 40.574832
28.683200 40.575744
28.681185 40.576578
28.679577 40.577355
28.678247 40.577934
28.677325 40.578297
28.676988 40.578425
>
28.726051 40.602238
28.722765 40.605087
28.720280 40.607401
28.718118 40.609328
28.715793 40.611083
28.713143 40.612668
28.710658 40.613910
28.708800 40.614726
28.708081 40.615019
>
28.741798 40.606340
28.738397 40.608403
28.735386 40.610142
28.732932 40.611714
28.731235 40.613291
28.729070 40.615370
28.725770 40.618010
28.722379 40.620682
28.719888 40.622844
28.717929 40.624541
28.715641 40.626132
28.713364 40.627564
28.711395 40.628780
28.709957 40.629740
28.708957 40.630497
28.708280 40.631120
28.707799 40.631667
>
28.720159 40.643195
28.718646 40.645064
28.717256 40.646557
28.716043 40.647670
28.715055 40.648402
28.714257 40.648974
28.713597 40.649534
28.713144 40.649966
28.712974 40.650138
>
28.729763 40.627296
28.728135 40.628555
28.726499 40.629733
28.725088 40.630896
28.724097 40.632072
28.723513 40.633120
28.723062 40.633946
28.722615 40.634670
28.722031 40.635388
28.721238 40.636246
28.720438 40.637149
28.719820 40.637854
28.719575 40.638140
>
28.749603 40.616283
28.746889 40.618434
28.745317 40.619820
28.744509 40.620672
28.744132 40.621199
28.743601 40.621664
28.742554 40.622218
28.740970 40.622875
28.738850 40.623666
28.736626 40.624629
28.734724 40.625706
28.733050 40.626819
28.731468 40.627863
28.730160 40.628837
28.729322 40.629727
28.728796 40.630489
28.728444 40.631054
>
28.761501 40.654657
28.760023 40.655732
28.758760 40.656554
28.757780 40.657406
28.757164 40.658562
28.756661 40.659756
28.756106 40.660563
28.755650 40.661021
28.755455 40.661168
>
28.708772 40.672738
28.704820 40.674560
28.701682 40.675898
28.699452 40.677000
28.698218 40.678087
28.697136 40.679555
28.695558 40.681366
28.693963 40.683005
28.692782 40.684016
28.691510 40.684932
28.689747 40.686249
28.688192 40.687419
28.687523 40.687934
>
28.710418 40.679048
28.709358 40.679932
28.708282 40.680809
28.707210 40.681693
28.706142 40.682571
28.704690 40.683373
28.703234 40.684181
28.701770 40.684996
28.700314 40.685798
28.698567 40.687032
28.696825 40.688285
28.695066 40.689526
28.693311 40.690766
>
28.740131 40.660479
28.738748 40.661631
28.737784 40.662280
28.736795 40.662936
28.735317 40.664163
28.733785 40.665575
28.732722 40.666561
28.731842 40.667330
28.730828 40.668081
28.729730 40.668711
28.728782 40.669164
28.728005 40.669635
28.727416 40.670328
>
28.757290 40.625033
28.754020 40.629646
28.751678 40.633376
28.749597 40.636730
28.747158 40.640168
28.744260 40.643588
28.741444 40.646551
28.739042 40.649062
28.737363 40.651147
28.736053 40.652767
28.734762 40.653887
28.733777 40.654549
28.733378 40.654765
>
28.751217 40.655696
28.749370 40.658352
28.747678 40.660342
28.745882 40.662084
28.743798 40.664024
28.741805 40.665868
28.740460 40.667070
28.739684 40.667726
28.739434 40.667923
>
28.771576 40.607114
28.768097 40.612210
28.764926 40.617205
28.762370 40.621265
28.760736 40.623641
28.760380 40.625216
28.760366 40.627937
28.759074 40.632584
28.754794 40.639878
28.752176 40.643449
28.750631 40.645363
28.749905 40.646132
28.749722 40.646265
>
28.752800 40.645294
28.752810 40.645719
28.752812 40.646106
28.752796 40.646449
28.752764 40.646741
28.752702 40.647743
28.752496 40.649419
28.751735 40.651723
28.749947 40.654582
>
28.790599 40.593228
28.788198 40.594091
28.786174 40.594686
28.784612 40.595274
28.783605 40.596139
28.782407 40.597151
28.780700 40.597980
28.779171 40.598536
28.778498 40.598747
28.777373 40.599505
28.776241 40.600269
28.775112 40.601027
28.773975 40.601791
28.772070 40.604036
28.770504 40.605600
28.769119 40.606809
28.767755 40.608005
28.766336 40.609011
28.764894 40.609655
28.763419 40.610281
28.761895 40.611198
28.760003 40.612547
28.757761 40.614043
28.755711 40.615457
28.754342 40.616564
28.753393 40.617733
28.752408 40.619163
28.751634 40.620377
28.751333 40.620891
>
28.799855 40.575256
28.796433 40.577283
28.792770 40.579437
28.789642 40.581539
28.787908 40.583421
28.787502 40.584697
28.787196 40.586119
28.786650 40.587694
28.785535 40.589480
>
29.409649 40.707975
29.417609 40.708371
29.424410 40.708739
29.429806 40.709092
29.433563 40.709460
29.438017 40.710113
29.441466 40.710750
29.444070 40.711450
29.446017 40.712265
>
28.939938 40.635504
28.948203 40.640210
28.962247 40.645626
28.979157 40.650730
28.995951 40.654531
29.004543 40.655963
29.013152 40.657408
29.021749 40.658851
29.030354 40.660288
29.041448 40.661883
29.052872 40.663475
29.065010 40.665170
29.078237 40.667029
29.082772 40.667658
29.087260 40.668294
29.091703 40.668917
29.096071 40.669521
>
28.762776 40.740609
28.763704 40.740106
28.765868 40.738959
28.768436 40.737664
28.770496 40.736714
28.773149 40.735819
28.777305 40.734514
28.781920 40.733183
28.785944 40.732189
28.790431 40.731250
28.796522 40.729940
28.803204 40.728418
28.809522 40.726858
28.818635 40.724617
28.832450 40.721575
28.847999 40.718633
28.862389 40.716727
28.877215 40.715421
28.894349 40.713704
28.911257 40.711636
28.925379 40.709285
28.935625 40.706859
28.942943 40.704647
28.947811 40.702793
28.950748 40.701436
28.953577 40.700041
28.957639 40.698165
28.962785 40.696164
28.968799 40.694387
28.977418 40.692795
28.988313 40.691237
28.998276 40.689929
29.004146 40.689128
29.012721 40.687870
29.028587 40.685554
29.045184 40.682966
29.055929 40.680824
29.062507 40.679249
29.070240 40.677838
29.077959 40.676623
29.084545 40.675554
29.089793 40.674980
29.096286 40.674659
29.103314 40.674500
29.110158 40.674411
29.112942 40.674440
29.118247 40.674530
29.124436 40.674672
29.129850 40.674876
29.132581 40.675057
29.135325 40.675244
29.138056 40.675418
29.140787 40.675599
29.150487 40.676892
29.157822 40.677844
29.162479 40.678451
29.164094 40.678663
>
29.164515 40.707890
29.164041 40.708071
29.163385 40.708335
29.162701 40.708637
29.162170 40.708901
29.161672 40.709145
29.161070 40.709383
29.160564 40.709577
29.160352 40.709648
29.159736 40.709810
29.159125 40.709960
29.158501 40.710109
29.157886 40.710265
29.155468 40.711035
29.153233 40.711861
29.151402 40.712608
29.150195 40.713129
29.148583 40.713728
29.146344 40.714509
29.144089 40.715335
29.142495 40.716106
29.141298 40.716823
29.140050 40.717484
29.139037 40.717953
29.138647 40.718146
>
28.993545 40.721268
28.989473 40.723120
28.986220 40.724581
28.983613 40.725640
28.981521 40.726290
28.979165 40.726801
28.976254 40.727353
28.973330 40.727817
28.970980 40.728068
28.969259 40.728190
28.967872 40.728386
28.966822 40.728619
28.966086 40.728850
>
28.960894 40.722560
28.963565 40.721152
28.966137 40.720006
28.968312 40.719146
28.969779 40.718607
28.970794 40.718184
28.971774 40.717710
28.972721 40.717281
28.973670 40.716953
28.974615 40.716759
28.975506 40.716609
28.976172 40.716511
28.976426 40.716471
28.977004 40.716310
28.978427 40.715936
28.980125 40.715484
28.981548 40.715110
28.982792 40.714813
28.984141 40.714509
28.985419 40.714236
28.986439 40.714035
>
29.015592 40.713806
29.017049 40.713602
29.018318 40.713285
29.019345 40.712938
29.020064 40.712649
>
28.997718 40.716865
28.999443 40.715734
29.001049 40.714768
29.002678 40.714057
29.004409 40.713719
29.006089 40.713641
29.008227 40.713593
29.010503 40.713557
29.012608 40.713534
>
28.996010 40.712336
28.998016 40.711933
29.000478 40.711592
29.002664 40.711322
29.003834 40.711164
29.004288 40.711054
29.004771 40.710963
29.005158 40.710892
29.005312 40.710872
29.007510 40.709986
29.009350 40.709096
29.010853 40.708353
29.012004 40.707859
29.013295 40.707250
29.015063 40.706309
29.017128 40.705385
29.019245 40.704849
29.021127 40.704637
29.022526 40.704446
29.023413 40.704308
29.023721 40.704263
>
28.939097 40.733023
28.941761 40.732327
28.943800 40.731697
28.945489 40.731062
28.947089 40.730288
28.948676 40.729419
28.950321 40.728587
28.952347 40.727887
28.955087 40.727412
28.957800 40.727160
28.959680 40.727012
28.961043 40.726911
28.962172 40.726818
28.963188 40.726629
28.964041 40.726347
28.964739 40.726007
28.965333 40.725669
28.966084 40.725215
28.967122 40.724595
28.968348 40.723981
28.969612 40.723525
28.970893 40.723145
28.972103 40.722721
28.972989 40.722381
28.973338 40.722233
>
28.992871 40.717179
28.990332 40.717717
28.988081 40.718260
28.986167 40.718795
28.984678 40.719335
28.983406 40.719803
28.982145 40.720133
28.981000 40.720360
28.980034 40.720504
>
29.021130 40.712054
29.022904 40.711265
29.024491 40.710540
29.025935 40.709816
29.027309 40.709067
29.029493 40.707991
29.032173 40.706956
29.034929 40.706080
29.037338 40.705471
29.039531 40.705061
29.041646 40.704739
29.043232 40.704528
29.043857 40.704443
>
29.046389 40.695484
29.049678 40.695081
29.052308 40.694166
29.054358 40.693115
29.055868 40.692327
29.056432 40.692071
29.057001 40.691808
29.057557 40.691557
29.058089 40.691307
>
29.060866 40.690062
29.063366 40.689059
29.067401 40.687763
29.073380 40.686323
29.081702 40.684947
29.089217 40.684176
29.095128 40.683929
29.099229 40.683957
29.101292 40.684009
>
29.037093 40.698233
29.038689 40.697750
29.040505 40.697093
29.042296 40.696469
29.043785 40.696068
>
29.022384 40.700862
29.024260 40.700364
29.026281 40.699847
29.027966 40.699439
29.028898 40.699263
29.029698 40.699234
29.031056 40.699139
29.032597 40.698953
29.033920 40.698680
>
28.971394 40.713162
28.972547 40.712967
28.973639 40.712829
28.974438 40.712743
28.974747 40.712716
28.975025 40.712645
28.975729 40.712465
28.976627 40.712226
28.977539 40.711994
28.978571 40.711754
28.979932 40.711520
28.981544 40.711335
28.983315 40.711257
28.984887 40.711250
28.985992 40.711246
28.986646 40.711243
28.986863 40.711242
>
29.011042 40.704456
29.012300 40.703860
29.013713 40.703225
29.015092 40.702660
29.016244 40.702306
29.017259 40.702143
29.018226 40.702049
29.018942 40.702008
29.019222 40.702006
>
28.994309 40.710783
28.997546 40.709366
29.000279 40.708097
29.002410 40.707136
29.003798 40.706634
29.004905 40.706344
29.006140 40.705995
29.007271 40.705673
29.008066 40.705466
>
28.942189 40.721939
28.944724 40.721364
28.947904 40.720628
28.950981 40.719943
28.953175 40.719470
28.955331 40.719030
28.957133 40.718547
28.958718 40.717994
28.960234 40.717322
28.961917 40.716553
28.964187 40.715611
28.966632 40.714674
28.968861 40.713935
>
28.922737 40.717632
28.922800 40.717626
28.922979 40.717612
28.923250 40.717611
28.923571 40.717629
28.923963 40.717678
28.924393 40.717734
28.924782 40.717808
28.925120 40.717890
28.927500 40.718470
28.929386 40.718628
28.931024 40.718552
28.932653 40.718387
28.934929 40.718251
28.937909 40.718067
28.941067 40.717763
28.943836 40.717244
28.945485 40.716952
28.947256 40.716817
28.948665 40.716793
28.949236 40.716797
>
28.894377 40.726165
28.897441 40.726173
28.900225 40.725928
28.902878 40.725360
28.905549 40.724392
28.909008 40.722843
28.913232 40.720911
28.917190 40.719151
28.919868 40.718088
28.920263 40.717972
28.920604 40.717875
28.920933 40.717792
28.921237 40.717721
>
28.867710 40.730433
28.869836 40.729582
28.872977 40.728353
28.876327 40.727149
28.879095 40.726390
28.881341 40.726059
28.883399 40.725836
28.884904 40.725716
28.885483 40.725676
>
28.845064 40.730970
28.850334 40.731467
28.854721 40.731396
28.858121 40.730909
28.860406 40.730102
28.862510 40.729048
28.864909 40.727892
28.866872 40.726984
28.867687 40.726607
>
28.843958 40.726171
28.841684 40.726641
28.839801 40.726983
28.838001 40.727236
28.835983 40.727408
28.833644 40.727453
28.831234 40.727384
28.829006 40.727315
28.827184 40.727352
>
28.873570 40.717908
28.869433 40.719222
28.865193 40.720690
28.861336 40.722067
28.858315 40.723174
28.854477 40.724367
28.851112 40.725120
28.848741 40.725521
28.847841 40.725632
>
28.873874 40.722157
28.874198 40.721991
28.874527 40.721825
28.874851 40.721685
28.875176 40.721557
28.877500 40.720451
28.880210 40.718989
28.883069 40.717526
28.885877 40.716475
28.890393 40.715279
28.891459 40.715028
28.890802 40.715239
28.890207 40.715419
>
28.917222 40.712705
28.913348 40.713830
28.910083 40.715061
28.907506 40.716314
28.905725 40.717443
28.904147 40.718414
28.902430 40.719194
28.901053 40.719713
28.900500 40.719893
>
28.884146 40.730021
28.881347 40.731192
28.879047 40.732272
28.877134 40.733199
28.875491 40.733871
28.873074 40.734260
28.869564 40.734392
28.865977 40.734315
28.863348 40.734077
>
28.881356 40.736210
28.882217 40.736398
28.884575 40.736738
28.888155 40.736910
28.892615 40.736589
28.895441 40.736293
28.898751 40.736002
28.902418 40.735614
28.906297 40.734978
28.907159 40.734797
28.908000 40.734629
28.908871 40.734448
28.909716 40.734274
28.912305 40.733401
28.914984 40.732420
28.917363 40.731453
28.919054 40.730590
28.920201 40.729869
28.921289 40.729300
28.922338 40.728890
28.923366 40.728657
>
29.014755 40.716982
29.009911 40.717703
29.006185 40.718298
29.003454 40.718869
29.001558 40.719474
29.000182 40.720038
28.999188 40.720424
28.998577 40.720636
28.998365 40.720707
>
28.980195 40.731206
28.982083 40.729948
28.983723 40.729015
28.985181 40.728348
28.986562 40.727879
28.987985 40.727454
28.989454 40.726997
28.990847 40.726540
28.992024 40.726116
>
28.902780 40.740695
28.908452 40.740617
28.913264 40.739812
28.916911 40.738821
28.919113 40.738191
28.921084 40.737790
28.923836 40.737214
28.926664 40.736607
28.928892 40.736110
28.930607 40.735640
28.932138 40.735113
28.933241 40.734696
28.933673 40.734530
>
28.949920 40.742427
28.952959 40.742186
28.955658 40.741711
28.957826 40.741074
28.959272 40.740325
28.961464 40.738939
28.965065 40.736875
28.968666 40.734854
28.970859 40.733671
28.971898 40.733159
28.972854 40.732704
28.973556 40.732390
28.973818 40.732269
>
28.997746 40.727828
28.994844 40.728958
28.992249 40.729890
28.989255 40.730893
28.985228 40.732218
28.980856 40.733722
28.977293 40.735102
28.974442 40.736447
28.972250 40.737833
28.970538 40.739199
28.969028 40.740366
28.967605 40.741273
28.966132 40.741851
28.964516 40.742194
28.962958 40.742416
28.961812 40.742535
28.961345 40.742575
>
29.032538 40.715171
29.028547 40.716047
29.023636 40.717593
29.018685 40.719330
29.014565 40.720809
29.010786 40.722197
29.006833 40.723726
29.003562 40.725029
29.001820 40.725722
>
28.982288 40.736578
28.984738 40.735774
28.988608 40.734576
28.992734 40.733276
28.995954 40.732170
28.999688 40.730770
29.005039 40.728816
29.010399 40.726957
29.014151 40.725836
29.017025 40.724915
29.020454 40.723509
29.023815 40.722040
29.026424 40.720930
29.028336 40.720146
29.029914 40.719447
29.031123 40.718921
29.031875 40.718638
>
28.971311 40.741682
28.974571 40.741351
28.977121 40.740559
28.979066 40.739568
28.980477 40.738667
28.981714 40.737932
28.982902 40.737317
28.983783 40.736901
28.984128 40.736741
>
28.979308 40.741248
28.983289 40.740951
28.986741 40.740276
28.989463 40.739470
28.991205 40.738784
28.992796 40.737996
28.994877 40.736807
28.996989 40.735522
28.998703 40.734422
29.000069 40.733655
29.001312 40.733167
29.002219 40.732909
29.002565 40.732831
>
28.797545 40.732786
28.792928 40.735400
28.786991 40.738537
28.781040 40.741446
28.776427 40.743367
28.772791 40.744576
28.768989 40.746019
28.765134 40.747926
28.761391 40.750523
28.758419 40.753100
28.756623 40.754830
28.755739 40.755809
28.755511 40.756108
>
29.232075 40.686747
29.224495 40.686055
29.210491 40.684486
29.194009 40.682524
29.179016 40.680664
>
29.120469 40.669169
29.126340 40.668387
29.131785 40.667575
29.136403 40.666926
29.139745 40.666583
29.142997 40.666424
29.146741 40.666256
29.149843 40.666110
29.151134 40.666052
>
29.175811 40.706203
29.178119 40.706138
29.180682 40.706058
29.183462 40.705971
29.186420 40.705857
>
29.190761 40.705576
29.193577 40.705418
29.196227 40.705255
29.198876 40.705042
29.201686 40.704757
>
29.207610 40.704008
29.213666 40.703194
29.219126 40.702422
29.223375 40.701785
29.225733 40.701344
>
29.230603 40.700385
29.239145 40.698278
29.246494 40.696217
29.252647 40.694557
29.257600 40.693615
29.261592 40.693238
29.266148 40.692920
29.270889 40.692735
29.275407 40.692766
>
29.086606 40.700940
29.084818 40.701413
29.083641 40.701749
29.082582 40.702123
29.081137 40.702683
29.079512 40.703269
29.078298 40.703662
29.077538 40.703876
29.077276 40.703941
>
29.042423 40.742671
29.044244 40.741520
29.046384 40.740139
29.048358 40.738809
29.049722 40.737831
29.050538 40.737269
29.051182 40.736942
29.051598 40.736788
29.051739 40.736749
>
29.044898 40.744828
29.046216 40.743781
29.047391 40.742767
29.048392 40.741810
29.049127 40.740931
29.049750 40.740179
29.050342 40.739592
29.050785 40.739209
29.050946 40.739062
>
28.988001 40.741863
28.992159 40.741311
28.995951 40.740355
28.999287 40.739121
29.002095 40.737757
29.003938 40.736632
29.005863 40.735347
29.007360 40.734294
29.007965 40.733859
29.010866 40.732006
29.015195 40.729549
29.019675 40.727180
29.023040 40.725622
29.025609 40.724690
29.028349 40.723744
29.031010 40.722811
29.033320 40.721867
29.034809 40.720927
29.038210 40.718766
29.041892 40.716425
29.044223 40.714948
29.048177 40.712707
29.053999 40.709651
29.059885 40.706747
29.064070 40.704936
29.065861 40.704305
29.066252 40.704151
29.065948 40.704235
29.065686 40.704306
>
29.069543 40.702586
29.071756 40.701591
29.074325 40.700321
29.076640 40.699154
29.078043 40.698518
>
29.081086 40.697258
29.084273 40.695649
29.086796 40.694055
29.088650 40.692681
29.089780 40.691800
29.090750 40.691255
29.092067 40.690804
29.093605 40.690415
29.095252 40.690057
29.098665 40.689569
29.103033 40.689138
29.106777 40.688832
29.108384 40.688728
>
29.001498 40.741871
29.003535 40.741462
29.005570 40.740901
29.007905 40.739786
29.010829 40.737716
29.015913 40.734241
29.022927 40.730045
29.029505 40.726352
29.033342 40.724455
>
29.013105 40.740180
29.014531 40.739583
29.016117 40.738681
29.017614 40.737678
29.018774 40.736759
29.019808 40.735732
29.021315 40.734335
29.023632 40.732586
29.027059 40.730520
29.030218 40.728804
29.031841 40.727921
29.032443 40.727594
29.032526 40.727543
>
29.018800 40.739836
29.021349 40.738478
29.023592 40.736881
29.025348 40.735357
29.026486 40.734234
29.027691 40.733245
29.029499 40.732082
29.031409 40.730994
29.032974 40.730180
29.034415 40.729475
29.036122 40.728648
29.037725 40.727892
29.038834 40.727366
29.039673 40.726994
29.040537 40.726641
29.041198 40.726364
29.041477 40.726268
>
28.997262 40.746281
28.999097 40.745676
29.001201 40.744905
29.003122 40.744160
29.004378 40.743634
29.005326 40.743237
29.006511 40.742806
29.007688 40.742439
29.008638 40.742219
29.009421 40.742145
29.010143 40.742154
29.010669 40.742184
29.010865 40.742208
>
29.012241 40.751954
29.013934 40.750220
29.015785 40.748650
29.017473 40.747361
29.018650 40.746499
>
29.000795 40.753568
29.002937 40.752733
29.005173 40.751739
29.007150 40.750728
29.008503 40.749814
29.009360 40.749011
29.010064 40.748309
29.010535 40.747812
29.010721 40.747621
29.011381 40.747231
29.012037 40.746847
29.012689 40.746457
29.013357 40.746073
>
29.060405 40.728177
29.063047 40.726615
29.065821 40.724919
29.068393 40.723371
29.070330 40.722244
29.071732 40.721481
29.072931 40.720822
29.073948 40.720245
29.074781 40.719746
29.075449 40.719324
29.076017 40.718965
29.076622 40.718607
29.077406 40.718184
>
29.051709 40.733329
29.053407 40.732432
29.055281 40.731629
29.057047 40.730980
29.058394 40.730522
29.059437 40.730098
29.060351 40.729637
29.060985 40.729259
29.061230 40.729105
>
29.038949 40.740829
29.041064 40.739404
29.043432 40.737869
29.045531 40.736444
29.046843 40.735371
29.047654 40.734657
29.048538 40.734100
29.049364 40.733645
29.050081 40.733185
>
29.037888 40.735720
29.039338 40.735034
29.040825 40.734399
29.042168 40.733878
29.043166 40.733531
29.043948 40.733305
29.044663 40.733098
29.045196 40.732949
29.045400 40.732904
>
29.065410 40.718082
29.058959 40.721808
29.053005 40.725106
29.048037 40.727783
29.044554 40.729653
29.041416 40.731350
29.037639 40.733399
29.033986 40.735460
29.031181 40.737156
29.029138 40.738657
29.027240 40.740214
29.025496 40.741561
29.023901 40.742457
29.023478 40.742637
29.023066 40.742816
29.022684 40.743015
29.022331 40.743213
>
29.136444 40.701123
29.133365 40.702429
29.130526 40.703702
29.128082 40.704814
29.126115 40.705682
29.124654 40.706356
29.123514 40.706972
29.122569 40.707536
29.121673 40.708023
>
29.094764 40.702755
29.090614 40.704687
29.087247 40.706171
29.084603 40.707474
29.082619 40.708861
29.080707 40.710324
29.078655 40.711572
29.077016 40.712438
29.076356 40.712765
>
29.088565 40.714717
29.089924 40.713428
29.091094 40.712324
29.092260 40.711366
29.093620 40.710502
29.095548 40.709387
29.097823 40.707985
29.099709 40.706801
29.100500 40.706289
>
29.075227 40.723772
29.077255 40.722645
29.079432 40.721307
29.081372 40.720041
29.082714 40.719082
29.084219 40.718192
29.086485 40.717088
29.088777 40.716042
29.090401 40.715322
29.091642 40.714764
29.093016 40.714096
29.094194 40.713455
29.094861 40.712989
>
29.111064 40.705456
29.114154 40.703865
29.117543 40.702609
29.120635 40.701678
29.122826 40.701056
29.124495 40.700438
29.126309 40.699666
29.128069 40.698913
29.129502 40.698385
29.130728 40.698086
29.131835 40.697889
29.132638 40.697783
29.132947 40.697749
>
29.107765 40.700983
29.105359 40.702183
29.103539 40.703214
29.102225 40.704059
29.101294 40.704737
>
29.095802 40.704145
29.097041 40.703333
29.098678 40.702359
29.100241 40.701431
29.101255 40.700708
29.102660 40.699818
29.104871 40.698696
29.107207 40.697611
29.108941 40.696795
29.110267 40.695969
29.111799 40.694882
29.113527 40.693851
29.115417 40.693187
29.117135 40.692891
29.118338 40.692694
29.119045 40.692589
29.119274 40.692549
>
29.060287 40.737010
29.058920 40.738089
29.057763 40.738837
29.056751 40.739420
29.055838 40.739970
29.054980 40.740571
29.054268 40.741120
29.053787 40.741529
29.053609 40.741688
>
29.088413 40.718594
29.084447 40.720722
29.080705 40.722754
29.077593 40.724458
29.075456 40.725624
29.073714 40.726655
29.071774 40.727908
29.069958 40.729079
29.068564 40.729848
29.067413 40.730368
29.066188 40.730958
29.065039 40.731579
29.064114 40.732180
29.063510 40.732672
29.063054 40.733004
29.062514 40.733280
29.061683 40.733595
29.060735 40.733949
29.060033 40.734245
29.059589 40.734463
29.059452 40.734533
>
29.113927 40.706684
29.111500 40.707865
29.109525 40.708891
29.107783 40.709827
29.106029 40.710744
29.104486 40.711546
29.103499 40.712078
29.102959 40.712373
29.102798 40.712463
>
29.100385 40.716505
29.095416 40.718804
29.091324 40.720882
29.088367 40.722573
29.086818 40.723711
29.085527 40.724790
29.083493 40.726216
29.081309 40.727674
29.079547 40.728851
29.078119 40.729931
29.076566 40.731151
29.074942 40.732314
29.073282 40.733217
29.070865 40.734321
29.067580 40.735925
29.064421 40.737591
29.062335 40.738845
29.060421 40.740384
29.057796 40.742523
29.055469 40.744426
29.054458 40.745250
>
29.036864 40.758028
29.037732 40.757478
29.038529 40.756992
29.039243 40.756595
29.039900 40.756312
29.040585 40.756004
29.041321 40.755645
29.041902 40.755344
29.042130 40.755223
>
29.078574 40.733659
29.076564 40.735541
29.074611 40.737163
29.072921 40.738428
29.071706 40.739266
29.070840 40.739892
29.070132 40.740499
29.069653 40.740958
29.069483 40.741143
>
29.088514 40.729424
29.086360 40.731371
29.084668 40.732833
29.083285 40.733919
29.082037 40.734725
29.080971 40.735359
29.080096 40.735897
29.079338 40.736440
29.078605 40.737066
29.077960 40.737679
29.077514 40.738125
29.077262 40.738387
29.077188 40.738469
>
29.097637 40.726596
29.094354 40.728701
29.091544 40.730556
29.089299 40.732142
29.087722 40.733458
29.086697 40.734453
29.086015 40.735129
29.085635 40.735518
29.085511 40.735640
>
29.116101 40.721379
29.111676 40.722590
29.107346 40.724131
29.103754 40.725667
29.101505 40.726873
29.100325 40.727698
29.099505 40.728279
29.099037 40.728631
29.098871 40.728746
>
29.132648 40.707814
29.127376 40.709710
29.122872 40.711645
29.119199 40.713310
29.116437 40.714404
29.114001 40.715122
29.111411 40.715866
29.108904 40.716661
29.106711 40.717555
29.104197 40.718831
29.101086 40.720473
29.098052 40.722025
29.095769 40.723034
29.094331 40.723638
29.093315 40.724189
29.092735 40.724598
29.092541 40.724758
>
29.151344 40.705375
29.148311 40.705494
29.144611 40.706119
29.141026 40.706959
29.138350 40.707780
29.136258 40.708624
29.134138 40.709658
29.132251 40.710678
29.130855 40.711536
>
29.168116 40.714099
29.166270 40.714573
29.164548 40.715047
29.163132 40.715525
29.162219 40.715987
29.161636 40.716422
29.161114 40.716775
29.160754 40.717011
29.160609 40.717095
>
28.518084 40.897712
28.512770 40.899255
28.507460 40.900784
28.502145 40.902333
28.496830 40.903881
28.489972 40.905600
28.483109 40.907345
28.476254 40.909076
28.469387 40.910806
>
28.462054 40.912663
28.459967 40.913202
28.457863 40.913721
28.455771 40.914260
28.453680 40.914779
28.444748 40.916882
28.435800 40.918984
28.426867 40.921085
28.417922 40.923172
>
28.413838 40.924140
28.410185 40.924994
28.406544 40.925844
28.402899 40.926704
28.399258 40.927561
28.391915 40.928737
28.384558 40.929913
28.377197 40.931092
28.369849 40.932263
28.358904 40.934274
28.347950 40.936277
28.337000 40.938282
28.326045 40.940277
28.319554 40.940873
28.313046 40.941461
28.306542 40.942059
28.300046 40.942647
>
28.300046 40.942647
28.298878 40.942753
28.297710 40.942859
28.296551 40.942961
28.295387 40.943073
28.288519 40.942400
28.281663 40.941714
28.274795 40.941037
28.267923 40.940356
28.257240 40.939467
28.246541 40.938570
28.235855 40.937685
28.225164 40.936786
28.220587 40.936917
28.216000 40.937048
28.211410 40.937185
28.206824 40.937319
>
27.998380 40.628848
27.989349 40.630925
27.980301 40.632989
27.971253 40.635070
27.962212 40.637145
27.951749 40.640798
27.941310 40.644456
27.930853 40.648107
27.920391 40.651750
27.907863 40.654335
27.895343 40.656899
27.882809 40.659480
27.870274 40.662048
>
28.014522 40.625667
28.027104 40.624473
28.039677 40.623277
28.052238 40.622073
28.064823 40.620868
28.085044 40.619368
28.105289 40.617857
28.125508 40.616356
28.145743 40.614844
28.182667 40.612769
28.219597 40.610663
28.256516 40.608563
28.293441 40.606445
28.314979 40.606528
28.336509 40.606607
28.358043 40.606682
28.379564 40.606746
28.393310 40.607801
28.407043 40.608847
28.420772 40.609892
28.434523 40.610936
>
28.428453 40.604835
28.434135 40.604357
28.442384 40.604120
28.451740 40.603649
28.460734 40.602479
28.465887 40.601428
28.470011 40.600566
28.473657 40.599774
28.477386 40.598912
28.483175 40.597308
28.489310 40.595348
28.494166 40.593661
28.496134 40.592957
>
27.521704 40.709612
27.524116 40.710300
27.529973 40.711939
27.537195 40.713811
27.543739 40.715265
27.549246 40.715903
27.554701 40.715805
27.561211 40.715170
27.569889 40.714198
27.572493 40.713509
27.578877 40.712009
27.586895 40.710509
27.594438 40.709868
27.602550 40.709314
27.611832 40.708026
27.619467 40.706723
27.622656 40.706127
27.636141 40.706857
27.655551 40.710556
27.675205 40.714299
27.689390 40.715186
27.694667 40.714349
27.699943 40.713532
27.705215 40.712695
27.710483 40.711857
27.721144 40.709783
27.733003 40.706822
27.744646 40.703395
27.754613 40.699866
27.758606 40.698872
27.768100 40.696437
27.779372 40.693409
27.788655 40.690666
27.801876 40.687637
27.821547 40.684094
27.839384 40.681146
27.847164 40.679917
27.858328 40.678226
27.871377 40.675860
27.884595 40.673601
27.896237 40.672264
27.900156 40.671486
27.904076 40.670708
27.907979 40.669937
27.911902 40.669171
27.918461 40.668553
27.926340 40.668043
27.934298 40.667926
27.941096 40.668532
>
29.495037 40.728997
29.501614 40.729317
29.509552 40.729707
29.517533 40.730134
29.524216 40.730522
>
28.953554 40.628565
28.960084 40.630561
28.966766 40.632734
28.973216 40.634927
28.979052 40.636931
28.987172 40.639084
28.998318 40.641508
29.009021 40.643723
29.015785 40.645246
29.019088 40.646327
29.021917 40.647545
29.024790 40.648977
29.028270 40.650667
29.032236 40.652329
29.035820 40.653561
29.038434 40.654335
29.039436 40.654609
>
29.531547 40.759710
29.537198 40.760044
29.544048 40.760511
29.550149 40.761068
29.553556 40.761644
29.556860 40.762640
29.562651 40.764069
29.570115 40.765740
29.578416 40.767473
29.588141 40.769540
29.599462 40.772130
29.610980 40.774932
29.621244 40.777587
29.621394 40.777598
29.622421 40.777625
29.625228 40.777704
29.630664 40.777844
29.636101 40.777997
29.638899 40.778076
29.639926 40.778097
29.640060 40.778108
29.648182 40.777172
29.656554 40.776297
29.664196 40.775581
29.670138 40.775111
>
27.681098 40.543962
27.689417 40.544024
27.697737 40.544086
27.706060 40.544147
27.714380 40.544208
27.725048 40.543987
27.735712 40.543758
27.746376 40.543534
27.757052 40.543310
27.764713 40.543165
27.772398 40.543020
27.780059 40.542875
27.787744 40.542729
27.794378 40.542176
27.801012 40.541616
27.807654 40.541069
27.814292 40.540521
27.820537 40.540065
27.826775 40.539603
27.833024 40.539147
27.839266 40.538690
27.845518 40.538329
27.851767 40.537966
27.858019 40.537604
27.864251 40.537241
27.874657 40.536908
27.885066 40.536568
27.895475 40.536233
27.905885 40.535891
27.912655 40.534742
27.919418 40.533585
27.926192 40.532435
27.932966 40.531272
27.941304 40.528543
27.949642 40.525807
27.958000 40.523070
27.966340 40.520327
>
27.539294 40.565022
27.531979 40.566550
27.524684 40.568071
27.517369 40.569584
27.510053 40.571117
27.500170 40.571026
27.490283 40.570934
27.480405 40.570842
27.470506 40.570749
27.464260 40.571603
27.457998 40.572475
27.451739 40.573341
27.445480 40.574207
27.437109 40.576245
27.428754 40.578275
27.420389 40.580318
27.412025 40.582353
27.405077 40.582803
27.398129 40.583266
27.391184 40.583728
27.384232 40.584177
27.373518 40.582087
27.362796 40.579989
27.352083 40.577891
27.341362 40.575797
27.336173 40.574942
27.330981 40.574087
27.325800 40.573245
27.320612 40.572395
27.316455 40.571557
27.312310 40.570719
27.308166 40.569874
27.304014 40.569041
>
29.533081 40.731428
29.538727 40.731882
29.544373 40.732335
29.550011 40.732801
29.555650 40.733261
29.561013 40.733722
29.566384 40.734197
29.571755 40.734651
29.577136 40.735125
29.582724 40.735590
29.588338 40.736048
29.593935 40.736518
29.599540 40.736982
29.601932 40.737307
29.604340 40.737625
29.606748 40.737956
29.609148 40.738280
29.612356 40.738508
29.615546 40.738729
29.618754 40.738962
29.621945 40.739190
29.625357 40.738285
29.628761 40.737374
29.632173 40.736476
29.635585 40.735565
29.641172 40.735862
29.646774 40.736152
29.652368 40.736435
29.657971 40.736725
29.660678 40.736937
29.663385 40.737149
29.666108 40.737355
29.668815 40.737567
>
29.499030 40.697622
29.510139 40.697907
29.520583 40.697555
29.529620 40.696753
29.536463 40.695686
29.539196 40.695082
29.543188 40.694511
29.549429 40.694362
29.558869 40.695032
29.568455 40.696017
29.575553 40.696721
29.579962 40.697128
29.581465 40.697271
>
29.525886 40.515410
29.507519 40.516699
29.488709 40.516022
29.470253 40.515574
29.452946 40.517529
29.430640 40.522385
29.401897 40.528230
29.374556 40.533669
29.356475 40.537309
29.353839 40.537907
29.350926 40.538659
29.347783 40.539553
29.344466 40.540556
29.332701 40.544485
29.321544 40.548567
29.312996 40.551943
29.309023 40.553774
>
29.469132 40.600476
29.473296 40.600058
29.477460 40.599640
29.481624 40.599235
29.485808 40.598822
29.490839 40.598535
29.495866 40.598255
29.500906 40.597961
29.505945 40.597673
29.510273 40.596865
29.514617 40.596051
29.518961 40.595236
29.523280 40.594428
>
29.303643 40.609352
29.312686 40.611188
29.321726 40.613023
29.330771 40.614857
29.339807 40.616679
29.346762 40.616929
29.353718 40.617167
29.360665 40.617410
29.367620 40.617653
29.373183 40.617113
29.378728 40.616561
29.384291 40.616015
29.389849 40.615474
29.397132 40.613594
29.404410 40.611712
29.411693 40.609831
29.418987 40.607954
29.426609 40.606608
29.434239 40.605248
29.441869 40.603907
29.449507 40.602547
>
